1001 4
1031 9
1037 2
1042 4
1043 15
1047 7
1048 3
1055 1
1057 2
106 1
1063 2
1064 1
1067 1
1073 1
1074 4
1079 1
1080 2
1089 2
1094 1
1096 4
1097 1
1102 1
1107 2
1114 1
1118 3
113 1
1132 11
1135 14
1143 1
1155 1
1178 2
1185 2
1192 1
1198 2
1215 1
1224 1
123 1
1251 1
1255 1
1259 3
1272 2
1273 2
1296 1
130 2
1301 1
1302 1
1305 5
1306 1
1330 2
134 1
1340 2
1341 2
1348 1
1353 1
138 10
1389 5
139 1
1399 10
140 3
1403 2
1409 1
141 2
1413 9
1415 4
1416 1
1424 1
1432 1
1438 2
144 2
145 1
1450 1
1457 4
146 3
147 3
1470 1
1475 27
1485 1
1487 2
150 3
151 4
1513 5
1558 1
1567 2
1570 22
1601 10
1608 1
1611 1
1620 2
1633 2
1634 5
164 9
1645 1
1656 6
1670 1
1679 3
1681 2
1682 4
1686 1
1691 8
1716 1
173 5
1731 1
1744 2
1745 2
1749 5
1759 2
178 3
179 1
1825 1
183 3
1832 1
1833 6
1839 1
184 1
1847 2
1858 2
186 1
1868 2
1892 1
1896 2
1926 1
1928 1
1944 2
1946 3
1955 1
1956 1
1958 2
1964 1
1966 2
197 1
1972 2
1976 5
1978 2
1979 2
1990 1
1994 1
1995 2
2007 3
202 5
2024 2
2029 2
203 1
2030 1
2032 1
2037 1
204 2
2046 1
2055 1
2056 2
2059 1
2063 3
2064 2
2071 1
2085 9
2107 1
2108 3
2113 3
2116 3
2118 1
2139 3
214 1
2148 2
2155 6
2181 2
2192 2
2211 1
2234 1
2239 3
2240 11
225 1
2256 1
2277 1
2282 5
2284 1
229 4
2299 1
2315 1
2316 6
2345 1
2352 6
2355 4
2361 1
2373 3
2375 1
2388 1
2389 1
2393 2
2428 4
2431 5
2432 4
248 1
2483 1
2484 1
2486 48
2488 1
254 1
255 2
258 1
263 2
264 1
265 1
270 6
272 2
273 1
277 1
278 2
280 1
281 6
296 1
302 1
307 1
323 1
331 14
333 5
334 1
339 3
342 1
347 1
349 6
353 2
354 8
363 2
365 3
366 4
368 3
371 7
387 1
401 1
402 4
410 6
425 2
428 1
446 1
455 2
459 3
460 3
465 1
472 2
473 1
480 1
487 2
488 1
493 1
526 2
54 8
547 1
55 15
564 1
565 1
575 33
584 1
588 1
60 10
61 10
613 1
620 1
629 1
646 8
651 1
655 4
676 1
697 1
706 19
709 2
710 2
743 37
747 6
749 1
771 1
786 2
789 5
790 2
792 3
800 2
802 3
803 4
823 5
84 1
854 2
870 1
877 3
893 1
897 1
899 5
900 3
903 1
911 1
922 1
924 1
935 1
938 3
948 9
949 6
951 2
952 1
954 3
955 1
963 2
966 5
979 5
981 3
985 1
986 9
990 9
