1001 11
1031 1
1042 4
1043 5
1048 13
1051 3
1059 5
1069 2
1073 2
1074 3
1077 12
1079 3
1082 2
1085 1
1089 1
1094 7
1096 7
1097 2
110 1
1111 2
1118 1
1121 5
1123 2
1132 11
1135 1
1143 1
1152 1
1156 1
1158 2
1169 1
1178 4
1180 1
1183 2
1185 1
1189 5
1192 3
1211 6
1216 2
1224 1
1227 3
1230 1
1235 1
1259 4
126 1
1272 3
1273 1
1274 1
1289 1
1296 2
130 2
1301 1
1305 3
1306 2
1321 2
1327 3
1330 3
1335 2
1340 2
1348 3
1353 2
1360 1
1370 1
138 3
1383 3
1387 1
1389 1
139 1
1399 24
140 1
1403 2
1409 1
141 4
1413 5
142 3
1421 1
1434 2
1438 2
144 1
1457 9
146 2
1471 6
1475 41
1485 6
1487 1
1491 1
150 9
1512 6
1513 2
1519 1
1521 1
1522 6
1524 1
1528 2
1532 1
1563 1
1570 31
1572 8
1601 9
1606 2
1608 1
1611 1
1616 1
1617 5
1620 3
1634 8
164 9
1645 2
1656 3
1678 1
1679 6
1681 3
1682 1
1686 7
1689 2
1691 1
1704 2
1705 1
1716 2
1717 1
1725 1
173 2
1732 1
1744 1
1747 1
1748 1
1759 1
176 1
177 2
1770 1
178 6
179 1
1825 2
1826 1
183 3
184 5
1847 1
186 4
1868 1
1869 1
1896 5
1900 1
1905 3
1906 1
1922 1
1929 1
1930 3
1946 5
1948 1
1949 3
195 1
1955 8
1956 5
1959 1
1964 1
1969 1
1972 4
1976 2
1978 1
1984 1
1994 1
1995 1
2007 3
2013 1
2014 4
202 8
2024 4
2029 1
2030 18
2039 1
204 1
2044 1
2047 1
2053 3
2055 1
2056 1
2058 1
2063 1
2071 1
2073 1
2077 1
2079 1
208 1
2085 17
2091 2
2092 1
2093 1
2101 1
2107 3
2110 3
2113 1
2118 1
2133 5
2139 1
214 3
2143 1
2148 1
2150 1
218 2
2181 6
2186 2
2190 2
2192 5
220 1
2203 1
2211 1
2220 1
2222 1
2226 1
223 5
2232 1
2234 10
2239 1
2240 1
2256 3
2276 1
2277 1
2279 1
2282 1
229 3
2295 2
2315 1
232 1
2348 1
2349 2
2352 2
2355 3
2361 2
2373 1
2377 1
2385 2
2388 5
2411 1
2428 8
2432 6
2467 4
248 1
2483 2
2484 2
2486 75
2498 5
2508 1
254 1
256 2
258 3
263 5
265 1
269 1
270 5
272 7
273 4
278 1
281 12
284 3
291 2
300 1
319 4
331 14
333 2
334 1
336 3
337 2
339 8
340 1
342 1
343 1
353 6
354 14
363 2
365 1
366 7
368 7
370 3
376 2
377 1
380 4
385 3
395 1
402 2
405 3
410 8
422 1
428 2
430 3
433 9
437 2
438 1
442 1
446 2
459 14
460 11
465 1
472 3
474 1
481 1
490 3
504 6
510 1
518 1
526 3
532 1
535 1
54 11
55 33
556 1
560 1
565 9
575 15
577 2
588 3
60 12
600 3
61 12
613 2
616 1
622 3
629 1
639 2
646 7
647 5
651 5
655 5
661 2
670 2
674 1
706 13
710 1
711 1
712 1
719 3
725 2
727 5
736 1
743 41
747 8
761 1
769 1
771 5
783 1
786 9
789 15
790 2
791 5
792 3
800 4
802 4
803 4
804 4
806 1
810 1
814 1
82 3
823 4
825 5
84 2
863 1
87 1
870 1
892 3
896 1
899 4
900 10
902 6
903 1
907 1
911 1
915 3
938 1
940 1
941 3
948 2
949 1
95 1
951 5
954 1
956 1
961 1
966 1
979 3
986 27
989 2
990 9
997 1
998 1
