1001 1
1005 7
1035 1
1036 2
1037 5
1042 1
1043 4
1052 1
1055 1
1057 1
1066 1
1067 1
1077 2
108 1
1102 3
1135 3
1145 2
1155 1
1169 1
1178 2
1199 2
1250 1
1255 2
1272 1
1273 1
1321 2
1330 2
1335 17
1336 1
1353 2
1370 1
1383 1
1387 2
139 1
1395 1
1399 4
140 3
1403 3
1405 1
1407 1
1409 1
141 1
1413 4
1424 1
1426 2
1432 1
1434 1
144 1
147 7
1470 7
1475 12
1478 2
1485 2
1487 1
1522 1
1525 1
1545 4
1550 1
1570 2
1572 2
1620 1
1635 1
164 1
165 1
1679 5
1680 4
1682 2
1691 1
1716 1
172 1
173 1
1740 1
1744 2
1749 2
175 1
1788 1
179 2
1825 1
184 1
1849 1
1858 1
1873 1
1883 18
1889 2
1900 1
1922 4
1927 1
1928 1
1946 4
1960 1
1969 1
1978 1
1979 2
201 1
2024 3
2030 1
2037 1
204 1
2040 1
2055 1
2058 2
2063 2
2066 1
2073 1
208 1
2092 1
2116 2
2132 2
2139 1
2155 2
218 1
2186 6
2192 1
2211 4
2214 1
2220 1
2222 1
223 1
2239 2
2240 15
2245 2
2256 2
2273 1
228 2
2296 8
232 1
233 1
2349 1
2361 1
238 1
2388 2
239 3
2404 1
2411 7
2431 1
2432 15
2459 1
2486 20
2496 1
254 1
255 1
258 3
261 3
263 1
272 2
278 2
306 1
310 1
318 1
319 2
326 1
331 5
334 11
336 1
337 1
339 3
349 1
352 2
353 1
354 4
363 2
365 2
376 2
377 1
394 1
405 4
408 1
410 4
421 1
428 1
432 1
434 2
439 1
449 1
451 2
455 1
460 4
461 2
466 2
476 1
496 4
504 2
52 1
521 2
524 1
54 13
545 2
55 8
575 1
577 2
582 3
584 1
60 3
600 1
605 2
61 3
624 1
642 2
646 2
709 1
716 1
719 3
726 1
731 1
743 1
745 1
747 1
752 1
769 1
771 1
789 1
795 1
797 2
800 5
803 1
811 3
822 8
825 1
899 1
903 9
923 16
938 1
939 1
948 4
949 3
951 1
981 2
989 1
990 1
993 1
997 5
