1035 1
1043 1
1047 1
106 1
1077 1
1079 3
1111 2
1135 1
1157 1
1176 7
1178 1
1192 1
1205 1
1208 2
1209 1
1216 1
1217 7
1218 1
1241 1
1248 1
1259 1
1272 2
1276 4
1289 2
1321 1
1323 2
1340 1
1341 1
1357 1
1361 2
1364 1
1372 1
1376 1
1377 1
1399 3
141 1
1434 2
144 1
146 1
1471 1
1475 3
1476 1
1485 3
150 1
1504 4
1513 1
1571 1
1580 1
1583 1
1635 1
164 1
1663 2
1679 1
1681 1
1688 1
1689 1
1699 1
1706 1
1716 1
1720 2
173 2
1779 1
1813 1
183 3
1870 1
1871 1
1906 1
1946 5
1953 2
1955 1
1976 1
1996 2
1997 1
2024 1
2076 1
2103 1
2107 1
214 1
2226 2
2240 1
2249 2
2262 2
2278 10
228 1
229 5
2300 2
2311 5
2319 1
2320 1
2327 3
233 2
2349 1
2361 2
2420 2
2421 3
2463 1
248 2
2486 13
257 1
258 1
264 1
266 2
282 1
285 1
302 1
310 4
316 2
318 1
331 7
336 5
337 1
339 2
353 1
354 1
361 1
370 1
371 2
377 1
384 1
387 1
393 1
399 1
402 1
405 1
419 1
422 1
424 2
428 1
430 1
433 1
455 1
459 1
460 2
461 1
474 1
507 1
512 1
515 2
54 1
545 1
55 7
564 1
575 1
577 1
588 1
60 1
600 1
61 1
615 1
709 1
752 1
771 2
789 1
801 1
815 1
821 1
830 2
84 1
854 1
870 1
893 1
895 1
923 2
926 1
928 1
938 1
944 1
948 2
951 1
954 3
965 1
973 1
979 3
986 2
989 1
993 3
