1043 6
1048 4
1063 1
108 1
1094 1
1096 1
1102 2
1135 2
1155 6
1178 1
1189 2
1198 1
1224 1
1230 1
1299 2
1306 1
1330 1
138 3
1399 2
1407 1
141 1
1413 1
1415 1
1426 1
1459 1
1475 11
1487 1
1513 2
1521 1
1548 1
1550 1
1571 1
1572 1
1613 2
1633 1
1635 1
164 2
1679 1
1688 2
1689 1
1691 7
1716 1
172 1
173 2
1752 1
1761 1
1778 4
1779 1
179 2
1827 2
1828 2
183 2
1849 4
1949 2
1955 1
1966 1
199 1
1990 7
1994 1
204 5
2058 1
2091 1
2093 1
2108 1
2155 1
2157 1
2186 3
2204 3
2239 2
2240 2
2277 1
228 1
2288 4
229 3
2290 2
2309 1
2347 1
2349 2
2486 13
255 2
258 2
264 1
278 1
281 1
284 1
297 2
302 2
310 4
316 1
334 3
339 1
353 2
354 3
363 1
366 1
377 1
395 1
402 1
405 5
407 2
408 1
410 2
418 7
422 2
423 1
433 5
434 1
435 1
460 2
465 1
466 1
487 1
490 1
512 1
535 3
54 1
55 5
558 3
564 2
575 4
60 1
61 1
629 4
646 1
676 1
682 2
710 1
753 1
789 1
790 1
800 1
801 1
803 1
82 1
845 1
896 2
903 1
935 1
938 1
941 1
948 1
970 1
979 1
990 2
997 1
998 1
