1002 2
1043 2
1048 1
1068 1
1076 1
1080 4
1084 1
1135 1
1147 1
1152 2
1178 1
1192 1
1227 1
1255 1
1293 1
1336 1
1370 4
1413 1
1449 1
146 1
147 1
1475 3
1491 1
1567 1
1570 1
1571 1
1611 1
1633 1
1679 3
1691 6
1705 1
1716 2
173 1
1744 2
1750 1
1759 1
1779 3
183 1
1849 1
1946 1
1966 1
1976 1
2019 1
2023 1
2024 2
2034 2
2058 1
2075 2
2106 2
214 3
2157 4
2186 3
220 1
2204 1
2229 2
2234 1
2240 2
2271 2
2284 1
2288 4
229 2
2291 1
2292 1
2349 1
2418 1
2469 1
2486 7
255 2
258 1
263 1
316 6
319 2
349 1
354 2
363 1
370 1
371 1
395 1
405 1
423 1
433 3
449 3
455 1
465 2
482 1
487 5
54 3
55 3
575 6
584 2
60 5
61 5
629 1
630 3
682 3
712 1
743 1
771 1
786 2
789 1
800 1
803 1
825 1
863 1
907 1
938 1
948 1
951 2
954 1
961 2
981 1
