1001 2
1008 1
1023 1
1031 1
1037 1
1042 2
1043 3
1055 2
1056 6
1057 3
1063 1
1065 2
1066 1
1074 2
1079 2
1089 1
1092 1
1097 1
1098 1
1099 1
1102 1
1124 2
1143 1
1155 3
1178 1
1198 3
1199 1
1214 1
1224 1
1230 2
1273 3
1321 3
1327 1
1328 1
1330 3
1340 5
1353 1
1387 2
1395 1
1399 1
140 1
1405 1
1407 1
1409 2
141 14
1413 2
142 1
1421 1
1429 1
1433 1
147 1
1475 23
1485 10
1496 1
1524 1
1532 1
1550 3
1572 2
1617 1
1620 6
1621 1
1633 1
1634 2
1672 1
1679 5
1681 3
1686 1
1691 4
1702 2
1709 1
1716 1
1718 1
1720 1
173 4
1732 1
1745 1
1749 1
1759 1
1779 2
1788 1
179 3
1809 1
1829 1
183 2
1840 2
1847 2
1849 12
186 4
1900 2
1906 2
1946 2
1959 2
1960 1
1976 4
1988 1
2007 1
2010 3
202 2
203 1
2030 3
204 3
2044 1
2047 1
2055 2
2063 4
2066 1
2079 1
208 2
2091 1
2116 2
212 6
2121 1
2155 1
2159 2
218 1
2186 1
2204 8
2226 1
223 6
2234 1
2239 3
2256 6
2271 1
2273 2
228 1
2288 6
229 2
2292 1
2303 1
232 2
233 1
2349 1
2370 1
2375 1
238 5
2388 3
2395 1
2396 1
2431 1
2432 1
2465 1
2486 40
2496 1
2497 2
255 1
258 1
271 1
272 3
273 1
278 2
281 1
284 3
302 2
306 1
310 1
316 6
319 3
331 11
334 2
336 2
337 4
339 4
342 1
343 3
353 1
354 3
363 4
365 1
366 4
368 1
371 3
376 8
382 1
387 1
395 2
396 6
402 1
405 1
408 6
410 4
428 1
433 6
438 1
459 2
460 8
474 1
476 4
477 2
496 1
504 1
52 1
526 3
535 1
537 1
54 9
55 8
555 1
564 1
569 1
575 7
579 2
584 2
588 2
60 4
608 1
61 4
622 1
629 2
639 1
646 1
655 1
679 1
682 1
683 1
701 1
710 3
747 2
771 6
789 4
790 4
791 1
797 1
798 1
800 3
803 4
808 1
816 1
82 2
820 1
823 1
825 9
845 14
852 1
855 1
892 1
903 6
911 1
912 1
935 1
936 1
946 1
948 4
954 2
979 4
98 1
981 2
983 1
986 7
987 1
989 1
990 1
997 3
