1005 8
1008 2
1037 6
1042 3
1043 2
1047 2
1048 3
1055 3
1065 1
1072 1
1073 1
1074 2
1089 1
1098 3
1102 1
1107 1
1127 1
1155 1
1172 2
1174 1
1178 3
1181 1
1214 1
1216 1
1223 2
1243 1
126 1
1272 1
1279 1
1301 1
1326 1
1335 9
1340 2
1348 1
1370 1
1383 2
1399 3
1403 1
1404 2
141 1
1426 3
1434 2
1436 2
1447 1
145 1
146 1
1475 8
1477 1
1485 1
1487 2
150 1
1500 2
1503 1
1545 7
1550 1
1565 1
1570 1
1571 1
1572 1
161 2
1620 2
1633 2
164 1
1656 2
1670 1
1672 1
1680 4
1681 1
1686 2
1691 1
1696 1
1709 1
1716 1
173 3
1740 1
1744 1
1787 1
1825 3
184 1
1841 1
1849 2
1851 1
1886 1
1922 7
1931 4
1933 17
1935 6
1938 1
1939 1
194 2
1946 2
1960 2
1966 1
1969 1
1972 3
1994 1
1995 1
1996 1
1997 1
2007 1
202 3
2024 1
2029 1
2030 1
2034 3
2038 2
2044 2
2058 3
2063 1
2066 2
2079 1
2091 1
210 1
2107 1
2113 2
2116 1
2156 1
2171 9
2173 1
2179 2
2186 1
2200 2
2226 2
2234 1
2239 1
2262 1
2271 1
2277 1
2284 2
229 4
2310 1
2315 2
2360 1
2361 1
2375 1
2377 2
2385 1
2393 2
2395 1
2398 1
241 1
2460 11
2479 1
248 1
2486 30
254 1
258 4
261 1
265 4
271 1
272 1
281 2
295 1
307 1
331 5
333 1
336 4
339 8
343 1
349 1
353 1
354 1
363 1
366 1
368 2
377 2
386 2
402 2
405 4
410 1
417 1
424 1
425 1
428 1
430 2
438 1
453 2
459 2
460 8
466 5
469 1
473 1
474 1
502 2
504 1
512 1
524 2
526 1
54 4
547 1
55 6
559 1
564 1
565 2
575 6
576 2
577 1
605 3
608 1
646 1
663 1
672 1
676 1
710 2
725 1
743 3
747 2
760 2
789 4
791 1
804 1
807 1
811 1
816 1
82 2
822 1
823 2
837 1
852 2
87 1
870 1
900 2
910 1
911 1
913 1
914 1
922 3
926 2
941 1
948 3
949 1
954 1
957 1
96 2
971 1
979 2
981 1
985 2
986 3
989 1
990 6
