1001 2
1002 4
1023 1
1037 1
1043 8
1047 2
1048 4
1051 1
1062 1
1064 2
1073 1
1074 1
1077 2
1079 2
1089 2
1096 2
1097 2
110 2
1104 1
1111 1
1161 1
1178 3
1183 1
1192 3
1214 1
1230 1
1237 1
1240 1
125 1
1255 2
1256 2
1270 1
1273 1
1275 1
128 1
1282 9
1299 14
1302 3
1312 1
1321 14
1326 1
133 3
1330 2
1348 1
1372 3
1384 1
139 1
1399 1
140 1
1413 3
1417 2
142 5
1425 1
1429 3
1434 3
1438 1
144 1
146 1
147 7
1475 23
1497 1
1506 1
151 1
1512 1
1513 1
1519 1
1522 2
1528 1
1540 3
1570 3
1572 2
1604 1
1634 4
1637 3
1642 1
165 1
1679 1
1680 1
1681 7
169 1
1709 1
1716 2
1718 1
172 1
1720 1
1722 1
173 1
1745 1
1749 1
1757 1
176 1
1765 3
1778 1
1779 1
1811 1
183 5
184 6
1841 1
1845 2
1849 4
1867 2
1900 1
1906 1
1909 1
1922 3
1946 1
1949 2
1955 5
1960 1
1966 1
1969 3
1972 1
1976 1
1982 1
1996 3
1997 2
2007 1
2010 1
202 1
2020 1
2024 1
2029 2
204 1
2043 1
2046 3
2047 1
2048 1
2057 1
2061 2
2068 1
2077 1
208 1
2093 1
2106 1
2107 5
2113 1
212 1
2154 1
2155 7
2168 1
2173 1
2184 1
2210 2
222 2
2229 2
223 1
2234 1
225 1
2256 1
2271 1
2288 5
2290 1
2307 1
2316 1
233 1
234 1
2355 2
2359 1
2365 1
2373 1
2375 2
2379 1
238 1
2380 5
2383 1
2388 2
2393 1
2395 2
2425 1
2432 3
2439 1
2469 1
2471 1
2486 22
2497 2
251 1
258 1
259 1
262 1
263 1
264 4
271 1
274 1
278 1
281 1
284 1
307 1
310 5
319 2
331 7
333 1
334 2
336 2
339 3
342 1
349 2
353 1
354 12
360 14
363 12
365 8
366 2
368 2
370 2
371 1
387 1
396 1
399 1
402 2
405 10
407 1
408 2
409 1
410 2
421 1
422 2
423 1
424 1
426 1
427 2
428 1
430 1
433 11
434 3
447 1
459 1
460 14
466 2
474 1
487 1
504 1
515 1
54 1
55 10
558 3
564 2
565 3
575 6
577 4
60 1
600 1
605 1
609 3
61 1
629 1
639 1
646 2
647 2
655 3
660 1
661 1
676 1
684 1
707 1
709 2
731 2
736 1
743 1
753 1
767 1
785 2
786 1
789 6
800 4
803 1
82 1
827 1
837 3
84 2
863 1
899 2
902 2
903 5
919 1
924 1
937 3
941 2
948 1
954 2
963 2
971 2
979 5
981 2
986 2
990 3
997 2
