1037 1
1042 2
1047 3
1048 4
1055 1
1059 1
1064 2
1065 2
1068 1
1079 5
108 1
1082 2
1089 2
1094 2
1107 7
1111 3
1120 1
1127 6
1128 7
1132 1
1135 1
1143 1
1144 3
1145 1
115 1
1156 1
1178 5
1183 1
1185 1
1188 1
1189 3
1190 2
1192 1
1216 1
1224 1
1230 1
1239 1
1248 1
125 1
1255 3
126 1
1269 10
1272 1
1273 1
1274 1
1302 1
1321 4
133 2
1353 3
1370 5
1372 2
139 2
1390 1
1399 2
140 2
1400 1
1407 1
1409 2
141 1
1413 4
1432 5
1434 5
1438 1
144 4
145 4
147 7
1470 1
1475 26
1485 1
1486 1
1491 1
150 5
151 1
1513 1
1519 2
1522 2
154 3
1570 1
1572 5
1611 1
1620 3
1645 2
1656 3
1671 1
1672 1
1679 1
1686 2
1687 2
1688 1
1689 4
169 1
172 1
173 9
1732 1
1743 2
1747 2
175 1
1753 1
1757 1
1759 2
1773 1
1779 1
178 1
1784 1
1787 1
179 2
1795 1
1803 1
1806 1
1811 1
1820 1
1822 1
183 2
184 3
1840 1
185 1
186 2
1915 1
1918 2
1922 10
1923 1
1937 1
1946 1
1948 3
1950 2
1955 4
1956 1
1957 8
197 2
1972 2
1979 1
1998 1
2003 1
2007 1
202 1
2024 7
2055 3
2059 1
2062 2
2063 1
2066 1
2068 1
2073 1
2077 1
2091 2
2092 1
2093 1
2106 1
2107 1
2113 1
2116 6
212 1
2135 2
214 5
2144 1
2155 2
2161 1
2162 3
217 1
218 1
219 1
2229 1
2232 1
2234 3
2239 2
2240 1
2256 5
2268 1
2271 2
2273 1
2281 2
2288 2
229 3
2323 3
2340 1
2349 3
2358 1
2367 1
2373 1
2374 1
238 1
2381 7
2385 2
2394 2
2431 1
2468 2
2469 4
248 2
2486 36
2497 2
253 1
258 1
263 3
264 2
266 7
271 1
273 1
280 2
283 1
284 1
286 7
291 3
302 6
310 1
316 3
319 1
331 2
333 1
334 2
336 1
339 1
340 2
348 1
349 4
353 3
354 12
363 4
365 4
366 3
368 8
370 3
371 1
377 1
380 1
387 3
405 4
408 1
409 1
410 3
419 1
421 1
428 2
430 1
433 18
434 1
446 1
455 4
459 4
460 2
472 3
474 1
476 1
488 1
493 1
504 1
512 6
55 14
555 5
560 1
564 1
565 2
575 3
584 1
597 1
600 1
646 1
650 2
659 1
660 1
661 1
672 5
677 1
684 3
693 2
710 1
725 1
731 3
741 9
745 2
747 4
753 2
757 1
763 2
764 1
767 1
769 1
771 4
773 1
784 1
785 2
789 7
790 1
798 1
800 2
801 1
803 1
811 3
812 2
82 1
823 1
825 2
870 3
894 1
896 1
902 2
903 4
914 2
924 2
926 1
937 3
938 1
941 3
948 5
949 2
954 3
960 1
976 8
979 3
986 5
990 5
997 2
