1035 2
1042 1
1043 2
1047 2
1048 5
106 1
1067 2
1073 1
1074 1
1076 1
1097 1
1103 1
1195 1
1248 2
1259 1
1285 1
1335 9
1338 2
1340 1
1341 9
1348 2
1376 1
138 1
1387 2
1392 6
1399 4
140 2
141 1
142 1
1457 1
1459 1
1463 2
1471 1
1475 6
1485 4
1487 1
1504 1
1505 1
1513 1
1572 1
1634 2
164 1
1651 1
1689 1
173 2
1751 1
179 1
1809 1
183 1
191 1
1976 1
202 1
2038 1
2133 1
2159 1
2222 2
2239 2
2240 7
2256 1
2268 2
2285 1
2288 1
229 3
2319 1
235 1
2367 2
2375 1
2377 1
2412 1
2432 1
2486 11
270 1
278 1
281 2
283 1
301 1
302 1
310 1
331 2
334 5
336 1
337 2
354 4
377 1
395 2
410 1
424 1
434 1
459 1
496 2
512 2
526 1
55 3
565 2
575 8
60 1
61 1
613 1
629 1
646 1
701 1
710 1
711 1
771 2
792 2
801 1
823 1
870 1
907 1
923 1
93 1
941 2
95 1
962 2
979 2
990 6
