1001 1
1006 3
1037 2
1042 1
1043 16
1047 6
1048 6
1051 2
1052 1
1057 2
1063 2
1064 1
1067 1
1076 1
1079 1
1096 2
1103 1
1108 1
1121 1
1127 1
1135 3
114 1
1147 3
1178 3
1189 11
1198 1
120 1
1224 1
1239 1
1248 1
1255 1
1259 1
1271 1
1272 1
1273 1
1283 1
1288 1
1296 2
1301 1
1306 1
1311 1
1320 1
1335 2
1340 1
1353 3
1360 3
1370 2
1403 2
1409 2
1434 2
144 3
145 1
1459 9
1475 17
1485 2
1487 6
1491 1
150 3
151 1
1513 1
1550 5
1553 1
1563 1
1567 1
1569 1
1572 3
1589 1
1633 3
1634 2
1635 6
164 7
1645 1
1656 1
1670 1
1679 1
1681 1
1689 3
1705 1
1718 1
173 5
175 1
178 2
179 1
1793 2
1809 1
1811 2
1827 1
1828 1
183 1
184 2
1845 1
1846 1
1849 4
1850 5
1858 1
1872 1
1873 1
1905 1
1923 5
1948 1
1950 1
1955 2
1966 3
1972 1
1979 1
201 1
2015 2
202 2
2024 1
2029 3
2030 1
2038 1
204 4
2055 3
2063 1
2064 1
2068 1
208 1
2084 1
2107 1
2116 2
2123 1
2139 1
214 2
2182 2
222 1
2220 1
223 1
2235 1
2240 3
2268 1
2277 2
228 1
229 2
2295 2
2299 1
2305 1
2315 1
2317 1
2318 1
232 2
2323 1
2330 1
2331 2
234 2
2340 1
2341 1
2349 1
2361 2
238 1
2383 2
2388 3
2412 8
2431 2
2432 1
2450 2
2468 5
2470 2
2471 1
248 2
2483 1
2484 1
2486 34
256 1
258 2
261 1
263 2
270 2
273 2
284 1
285 1
286 4
319 3
326 1
331 5
333 1
334 4
336 4
337 3
339 2
340 2
349 1
353 4
354 4
363 1
365 2
368 2
370 1
371 1
377 4
380 1
395 3
402 2
405 10
410 1
421 1
422 1
424 4
427 2
428 1
430 2
437 1
444 2
455 4
459 1
490 1
512 2
535 3
54 2
55 9
555 3
558 5
572 1
575 3
585 11
60 1
61 1
613 1
646 3
651 1
660 2
661 1
672 2
688 2
709 1
710 2
718 2
725 2
736 1
743 2
747 1
760 1
771 3
773 1
782 1
785 1
786 1
789 5
800 2
801 2
802 1
804 1
811 1
82 10
824 5
825 1
870 1
895 1
896 1
899 1
900 1
903 3
911 2
914 2
924 3
926 3
928 1
935 2
938 2
946 1
948 2
949 4
954 2
955 1
966 1
970 1
977 1
986 9
989 2
990 5
991 1
997 2
