1001 1
1021 1
1023 1
1029 1
1031 2
1034 1
1037 2
1042 5
1043 8
1047 1
1048 13
1051 1
1055 2
1057 1
1059 1
106 1
1067 6
1069 1
1077 9
108 2
1080 2
1084 1
1096 2
1097 1
1100 1
1107 1
1121 2
1137 5
1143 1
1152 1
1178 5
118 6
1189 32
1215 1
1224 2
126 6
1272 1
1273 2
1274 1
128 1
1301 1
1306 3
1321 5
1327 3
1330 1
1340 5
1341 5
1360 1
1372 4
138 1
1387 3
139 1
1395 6
1399 8
1400 4
1403 3
141 1
1413 2
142 3
1424 1
1426 1
1434 1
1438 1
144 1
1443 1
145 5
1450 2
146 7
147 8
1470 1
1475 35
1485 10
1487 16
149 1
1491 1
150 1
1505 1
1522 3
1535 1
1544 4
1550 5
1551 1
1567 1
1569 1
1572 1
160 1
1606 14
1608 1
1623 1
1633 2
1634 7
1635 7
164 16
165 2
1670 2
1681 1
1688 1
1689 1
1691 2
1705 2
1716 1
1719 1
173 4
1744 3
175 1
1759 1
1779 2
178 2
1787 1
179 1
1793 3
1819 1
182 1
1826 1
183 1
1833 3
1836 1
1838 1
184 3
1840 1
1847 1
1849 6
1856 3
186 2
1894 3
1895 3
1921 1
1942 1
1946 4
1948 1
1950 1
1955 4
1960 2
1976 4
1979 1
1988 1
1990 1
1994 2
1995 1
2009 1
2013 1
202 1
2024 3
2029 2
2030 12
204 4
2043 2
2055 1
2058 3
2059 2
2063 6
2066 1
2068 1
2069 1
2072 1
2076 1
208 1
2086 1
2091 1
2093 1
2107 1
212 1
2135 1
214 5
2145 1
2146 1
2155 3
2157 1
2160 1
2173 1
2181 1
2186 11
2192 2
220 1
2200 2
2226 1
223 1
2234 4
2237 1
2239 1
2240 5
225 4
2256 3
2271 2
228 8
2281 7
2284 1
2288 6
229 12
2291 5
2292 4
2299 2
230 2
2315 1
2316 1
2317 2
2318 1
232 2
234 1
2340 1
2347 1
2349 3
2352 1
2355 1
2361 3
2365 1
2370 1
2373 3
2375 1
2387 1
2388 7
2395 2
2411 1
2416 1
2430 1
2454 1
2463 1
2467 1
2468 15
2469 1
247 1
2478 1
248 2
2483 2
2484 2
2486 62
2488 2
2497 7
254 1
264 1
265 4
270 1
271 1
272 2
273 1
274 1
277 1
278 9
281 2
284 1
291 1
295 1
297 1
302 9
310 3
319 7
331 23
334 8
336 3
337 15
339 11
353 8
354 15
363 2
365 5
366 5
368 3
370 1
371 3
377 3
380 3
395 2
396 2
402 8
405 2
407 17
408 1
409 1
410 3
419 1
421 2
422 1
423 5
424 2
427 3
428 2
433 18
440 2
446 3
452 1
455 7
459 1
460 6
466 9
472 1
474 1
477 1
487 6
500 1
503 1
504 9
510 1
512 3
535 13
54 13
55 22
555 1
564 2
565 1
575 11
582 2
585 4
60 3
600 2
61 3
613 1
629 2
639 2
646 4
651 1
660 1
663 2
671 1
672 1
674 1
676 3
681 3
682 7
684 3
688 1
689 3
703 1
709 3
710 2
711 1
725 1
731 3
732 1
736 1
745 1
747 5
769 2
771 6
786 5
787 1
789 1
790 2
794 1
800 5
801 3
802 2
803 2
811 3
82 8
820 2
823 12
825 2
831 1
834 2
84 3
863 1
866 14
879 1
892 3
893 1
899 2
902 3
903 7
915 2
924 1
926 18
938 3
941 1
948 5
949 3
951 1
954 1
955 6
961 3
963 2
97 2
971 1
973 3
978 1
979 4
98 1
981 3
983 2
986 13
987 1
990 6
994 1
997 2
