1021 3
1037 3
1042 1
1048 2
106 1
1079 1
108 1
1091 2
1096 2
1122 3
1178 2
118 1
1215 2
1230 1
1243 1
126 1
1321 6
1335 1
134 1
1343 3
1348 1
1369 4
1370 1
1372 2
1376 2
138 2
139 1
1399 1
1409 1
1426 1
1434 1
144 3
145 2
1471 1
1475 12
1485 1
1487 2
150 2
1505 1
1513 1
1540 1
1556 1
1572 2
1620 1
1633 1
1635 5
164 1
1670 1
1672 3
1683 1
1687 1
1688 1
1689 1
173 2
1745 1
1787 2
183 1
184 3
1849 1
1946 1
1955 2
1966 1
1976 1
1979 1
2006 4
2012 1
202 2
2029 2
2038 2
2046 1
2058 1
2059 1
2062 1
2063 1
2066 1
2076 1
2093 2
2155 1
2172 1
220 1
225 1
2278 1
228 6
229 7
2349 1
2393 1
2432 1
2468 1
248 1
2486 14
258 4
264 1
280 2
310 2
331 3
333 1
342 1
343 1
349 2
354 3
365 2
368 1
370 1
371 3
377 3
396 1
402 1
405 2
421 1
422 1
424 3
434 1
439 1
441 2
453 1
455 1
466 1
494 1
508 1
512 2
524 1
526 1
54 2
545 1
55 4
575 2
60 1
61 1
646 3
682 2
683 2
710 1
712 1
728 1
745 2
771 2
789 4
801 2
802 1
811 1
815 4
82 2
870 1
900 1
911 2
918 2
923 5
926 4
938 4
941 2
948 1
949 1
960 1
978 1
989 1
990 1
