1008 1
1042 4
1043 6
1048 11
1055 1
1067 1
1068 1
1070 1
1074 1
1079 3
108 4
1089 3
1096 1
110 1
1103 1
1132 1
1142 4
1143 2
1145 6
1169 1
1178 3
1189 2
1190 2
1192 1
1195 2
1230 1
1239 3
1259 4
1273 3
1274 1
1281 1
1285 2
1296 1
1301 1
1306 3
1321 2
1326 1
1327 3
1330 2
1340 2
1348 1
1360 3
1370 1
139 2
1399 1
1418 2
142 9
1423 1
1434 1
1438 2
145 3
1457 7
146 1
147 1
1475 16
1487 20
150 1
1513 1
1522 1
153 1
1541 1
1550 1
1569 3
1570 5
1571 2
1572 1
1588 1
1589 1
1606 3
1608 1
1620 9
1633 2
1634 3
1635 1
164 12
1682 1
1689 1
1691 2
1725 1
173 1
1732 1
1747 8
175 1
1757 2
177 2
1773 1
178 4
1787 3
1811 1
183 2
184 1
1847 1
1849 1
1872 1
1878 1
1930 1
1955 1
1956 1
1960 1
1966 2
1972 3
1979 5
202 2
2024 7
2030 3
2053 1
2058 3
2066 1
2069 1
2077 2
2093 1
2101 9
2110 1
2133 2
214 1
2148 1
2179 1
2181 1
2186 6
2192 1
2241 1
225 1
2271 2
228 1
229 15
2296 1
230 7
2300 1
2307 1
2315 3
2330 1
2349 2
2352 3
2361 1
2377 4
2385 1
2391 1
2393 1
2402 1
2411 1
2428 7
243 7
2432 7
2468 2
2479 1
248 1
2483 5
2484 5
2486 38
2497 3
263 4
270 1
272 3
273 2
280 8
281 2
291 1
310 3
317 1
331 8
333 2
334 7
337 1
339 3
353 10
354 4
365 2
366 1
371 4
377 11
399 1
405 15
410 4
414 1
422 2
423 2
424 10
425 1
427 1
428 1
433 11
434 1
437 1
438 3
446 1
459 3
460 1
465 2
466 1
473 2
493 1
512 11
526 3
54 4
55 13
555 3
564 1
565 7
575 6
579 2
584 1
588 1
60 1
600 2
609 2
61 1
613 1
629 2
639 1
646 4
652 1
731 1
736 1
743 9
745 1
747 1
753 1
769 1
789 4
791 1
792 2
802 7
804 3
815 1
816 1
82 1
870 2
900 13
914 3
924 1
936 1
941 2
948 2
949 1
95 1
954 3
961 10
981 1
986 4
990 1
991 1
