1001 1
1039 4
1047 8
1048 2
1057 2
1061 1
1063 1
1067 1
1077 1
1079 2
1089 1
1096 4
1132 1
1142 3
1143 1
1145 1
1155 1
1169 1
1178 1
1189 3
1192 1
1198 1
1211 1
1215 1
1224 2
1239 3
1272 1
1285 2
1295 1
1305 3
1327 1
133 1
1330 2
1340 2
1370 2
1380 1
139 1
1399 2
1403 1
1408 1
1409 1
141 2
1413 4
1415 1
142 3
1421 1
1423 3
144 2
145 2
1457 8
1466 1
147 1
1475 3
1485 4
1487 3
151 1
1512 1
1513 3
1532 1
154 1
1570 7
1571 3
160 1
1601 1
1606 1
1611 2
1620 6
1633 2
1634 5
1635 1
164 6
1650 2
1679 1
1680 1
1682 1
1689 3
1691 5
1716 4
1725 3
173 4
1743 5
1747 5
1748 2
175 1
1761 1
1773 3
1787 1
1811 1
183 2
184 1
1847 1
1849 1
1856 1
1878 1
1895 1
1896 2
1900 1
1905 1
1909 2
1946 2
1956 3
1957 3
1960 1
1966 3
1972 2
1976 1
1979 1
1994 2
2007 1
2016 1
202 5
2024 7
2028 1
2029 1
2038 1
204 3
2053 4
2058 2
2059 1
2069 3
2085 13
2091 1
2092 1
2101 9
2107 1
2108 1
2116 1
212 1
2133 2
2135 1
2143 1
2145 3
2172 2
2182 1
2198 2
2218 2
2225 1
2234 4
2239 2
2241 1
2249 2
225 2
2252 1
2271 1
2273 1
228 2
2282 1
229 7
2296 2
2307 1
231 1
2315 2
2316 1
2337 1
2343 2
2352 2
2373 2
2377 3
2379 1
2388 3
2396 1
2428 8
2432 2
246 1
2461 1
2481 1
2483 4
2484 4
2486 30
2497 1
254 1
255 2
258 1
264 1
266 4
269 1
270 1
272 2
280 3
281 5
301 2
310 1
317 3
319 2
320 1
331 5
333 3
334 4
336 3
337 3
339 2
340 2
354 9
365 2
368 1
371 6
377 2
389 2
395 1
404 1
405 3
410 3
419 1
423 1
424 3
425 2
427 1
430 1
433 6
438 1
447 1
449 1
455 1
458 1
459 1
460 2
487 1
488 1
503 2
512 6
54 10
545 1
55 7
564 1
575 7
580 1
622 5
639 5
646 3
651 3
661 1
689 1
710 1
718 2
736 1
743 9
745 1
747 2
754 3
756 3
789 1
790 1
792 1
802 4
803 1
816 1
852 1
856 1
870 1
900 10
914 1
923 1
941 2
949 4
954 10
961 5
962 2
979 2
990 1
