1035 1
1042 1
1043 9
1048 2
1059 2
1067 1
1079 2
1096 1
1107 3
113 1
1135 1
1155 1
1178 3
1190 1
1193 1
1197 1
1198 2
1224 2
1259 2
1273 3
1287 1
129 1
1299 1
132 1
1321 6
1327 1
1330 1
1336 2
1339 1
1341 7
1346 1
1372 2
139 2
140 11
1405 1
141 3
1413 3
1417 2
142 1
1433 1
1434 1
144 2
1459 2
147 9
1475 21
150 2
1505 2
151 2
1519 1
1544 6
1568 1
1572 2
1606 1
1608 3
1617 1
1637 1
1660 1
1670 1
1681 3
1682 2
1691 24
172 2
173 4
1744 1
1749 3
175 1
178 1
1791 1
1793 1
1806 1
1833 6
1847 5
1849 1
186 1
1869 1
1895 2
1923 1
1946 2
1955 2
1969 1
1976 4
1978 1
1979 1
199 3
1994 1
2024 9
2029 2
2030 3
204 1
2042 2
2046 2
2055 1
2058 1
2063 3
2072 1
2077 2
2092 1
2107 2
2117 1
212 1
214 7
2144 1
2155 6
2181 1
2188 1
2192 1
220 1
2223 1
2229 1
2240 9
225 2
2263 1
2264 1
2271 4
2277 1
228 2
2281 2
2284 3
2329 3
2352 10
2355 1
2361 1
2367 1
2373 1
2377 2
238 2
2383 3
2412 1
2431 1
2468 1
2469 4
2486 24
2496 2
2497 1
254 1
255 2
270 3
271 1
281 2
284 1
302 1
310 3
331 8
333 1
336 1
349 2
353 1
354 17
363 6
366 2
368 1
370 2
377 1
395 3
396 2
402 3
405 4
410 1
423 10
428 2
433 19
455 16
459 1
460 5
474 1
477 3
488 1
500 1
504 1
512 5
526 2
54 11
545 1
55 8
558 1
575 2
577 1
582 4
60 2
61 2
629 2
646 3
663 1
665 1
676 3
681 2
709 2
712 1
731 3
736 1
747 2
754 1
763 2
771 3
785 2
786 2
788 1
789 6
790 1
800 14
801 7
802 4
803 3
823 1
834 1
845 2
857 2
864 1
870 1
899 1
903 4
915 1
923 2
926 12
938 5
941 2
948 2
949 3
954 1
963 1
966 1
971 1
974 1
976 1
979 1
980 1
986 3
987 1
990 4
