1001 1
1002 2
1017 1
1037 4
1042 1
1043 5
1048 2
1057 3
1059 2
1063 1
1064 4
1067 2
1077 1
1079 1
1083 7
1102 2
1107 1
1111 1
113 1
1133 1
1135 1
1178 1
118 1
1185 2
1188 1
1189 1
1192 1
1204 14
1230 3
1248 1
1255 1
1259 3
1272 1
1273 3
130 1
131 2
1325 1
1326 1
1327 1
1328 2
1340 1
1370 1
1380 1
1393 2
1396 2
140 3
1401 2
141 4
1417 20
1424 1
1434 2
144 7
145 1
1459 14
146 1
147 1
1470 2
1475 15
1487 1
150 1
1512 1
1519 1
1540 2
1567 1
1571 2
1572 1
1581 2
1592 1
1604 1
1608 2
1633 3
1634 2
1679 5
1687 1
1688 2
1689 2
1705 2
1716 6
1724 1
173 1
1732 1
1745 3
175 1
1776 1
1784 3
1818 2
183 1
1846 1
1895 4
1922 2
1946 3
1966 3
1972 1
1976 2
1979 2
199 1
1997 1
2007 4
2029 4
2030 1
204 1
2055 2
2056 1
2061 1
2062 1
2064 1
2072 1
2076 7
2082 1
2106 1
2107 4
2109 1
2113 4
2116 1
2125 1
2135 1
2148 1
2155 3
2173 1
218 2
2182 1
2186 2
2234 3
2237 3
2239 2
2240 4
2256 2
227 7
2273 1
2279 1
228 2
2288 2
229 1
2295 2
230 1
233 1
2349 2
2364 26
2370 1
2373 1
238 1
2388 1
2412 13
2431 3
2438 1
2468 2
2486 35
2497 2
251 1
255 1
258 3
263 1
266 3
272 1
281 9
284 2
286 6
301 1
302 1
303 1
316 2
319 2
331 5
334 2
336 19
337 1
339 5
342 1
350 1
354 6
356 1
365 2
366 3
368 2
370 2
371 4
382 2
395 1
402 3
405 5
410 7
424 1
428 1
433 8
441 14
442 1
449 2
453 1
455 1
456 2
459 1
460 10
461 1
466 5
472 2
476 1
487 1
526 2
54 2
55 10
558 19
564 4
565 6
574 1
575 5
577 4
584 3
60 3
600 1
605 1
61 3
618 1
639 1
646 1
651 3
665 3
682 1
688 1
715 1
747 3
752 1
753 1
771 1
785 1
789 2
799 1
800 4
803 1
816 2
82 2
823 1
828 19
849 2
852 3
870 1
899 1
903 3
923 4
935 1
941 3
948 1
949 2
954 1
966 1
971 1
972 1
973 1
979 3
981 2
986 10
989 1
990 3
997 2
