1043 5
1056 3
1068 1
1089 1
1138 1
1189 1
1259 2
1302 1
1321 1
1328 1
1387 1
1409 2
141 1
1413 3
142 1
147 1
1475 2
1550 1
1592 5
1620 4
1633 1
1635 2
1670 1
1679 1
1682 1
1691 3
1744 1
1779 2
1787 1
179 1
183 1
1833 1
1849 1
1873 1
1895 2
1946 1
1955 2
1966 1
1969 1
1976 1
2042 1
2072 1
2075 6
2101 1
212 1
223 3
2240 2
225 4
2271 1
2288 2
229 2
2335 1
2352 1
238 2
2411 1
2431 6
2483 1
2484 1
2486 7
258 1
259 1
278 2
282 1
310 1
319 6
323 1
329 2
333 1
349 1
354 2
365 2
387 1
396 1
405 1
410 1
423 1
433 1
434 1
449 3
455 1
477 1
512 3
54 7
55 3
575 1
577 1
582 1
613 1
629 1
646 1
665 2
709 1
743 2
771 1
789 3
811 2
845 1
863 1
893 1
903 1
907 3
926 1
938 6
949 1
954 4
966 1
986 1
