1001 3
102 1
1034 1
1039 1
1042 2
1043 4
1047 3
1048 4
1055 1
1057 1
1059 1
1063 1
1064 3
1068 1
1070 1
1073 1
1074 1
1077 2
1079 2
1082 1
1102 1
1111 1
1143 1
1155 2
1174 4
1178 1
1207 1
1259 1
1286 4
1296 1
130 4
1306 2
1321 2
1326 2
1340 3
1341 1
1344 1
1350 11
1365 1
139 1
141 2
1410 2
1413 1
142 1
1426 2
1434 1
145 1
1457 1
146 2
1462 1
1475 17
1478 4
1485 4
1501 2
1505 1
1512 2
1513 1
1519 1
1522 1
1540 1
155 3
1567 2
1571 1
1572 1
1601 1
1608 1
1613 1
1620 1
1633 1
1634 7
164 2
1657 1
1660 1
1679 1
1686 1
1689 2
1691 9
1705 2
1724 1
1744 1
1745 1
175 2
176 1
1761 1
1764 2
1779 3
179 2
1793 1
1811 1
183 1
184 8
1840 1
1849 1
1850 1
1882 4
1889 2
1899 1
1900 3
1905 2
1922 2
1927 2
1946 2
1949 1
1955 2
1957 1
1964 1
1966 1
1972 2
1976 2
1979 2
1994 2
1996 2
2024 3
2031 2
204 3
2043 1
2044 5
2058 2
2065 2
2066 2
2072 2
2077 1
2092 1
2093 1
2107 3
2133 2
2135 1
2148 1
2234 1
2239 4
2240 1
2245 2
225 2
2261 6
2272 1
2279 2
228 4
2288 3
229 6
2290 2
2295 1
231 1
2310 5
2316 1
2323 1
233 1
2335 1
2349 11
2361 2
2370 5
2373 1
2374 1
2387 2
239 4
2398 1
2431 1
2441 2
2444 1
2448 12
2457 11
2460 1
2463 11
2468 1
2486 35
251 1
254 1
259 2
265 2
266 4
271 1
272 2
280 1
281 8
285 1
302 2
314 1
331 7
333 2
334 2
336 2
339 2
349 1
354 5
365 1
366 1
368 1
377 1
382 1
393 1
395 7
399 1
402 2
405 1
410 1
424 3
430 1
433 8
434 1
435 1
436 1
449 1
455 1
459 3
460 9
466 8
474 1
487 2
512 3
524 1
526 2
531 1
535 4
54 1
545 4
55 7
559 1
565 5
575 5
577 5
651 1
684 2
688 2
696 1
701 6
709 3
743 3
747 3
752 1
771 2
773 1
779 5
786 1
789 2
790 1
799 1
800 1
803 3
804 2
815 1
82 2
823 1
87 1
870 1
882 1
907 3
914 2
923 1
928 1
935 1
939 2
941 1
949 1
954 2
960 4
976 1
979 6
981 3
986 6
990 14
996 2
998 1
