100 1
1000 2
1013 1
1014 1
1031 2
1035 2
1037 2
1042 2
1043 13
1048 3
1057 2
1063 4
1073 1
1079 2
1084 1
1089 1
1096 1
1143 1
1152 3
1169 1
1178 1
1185 2
1198 2
1224 2
1230 1
1248 10
1255 4
1259 6
1268 1
1271 2
1272 1
1273 5
130 1
1321 4
1327 1
134 2
1341 1
1370 12
1372 1
138 7
139 4
1398 2
1399 2
140 1
1400 1
1403 1
1407 4
141 2
1432 2
1434 1
144 4
1459 33
147 10
1475 13
1485 12
150 1
1500 1
1501 1
1519 1
1571 1
1572 3
1601 7
1604 3
1633 4
1635 3
164 2
165 1
1672 3
1679 6
1680 1
1682 17
1686 1
1688 1
1716 15
173 2
1745 9
1747 20
177 1
1779 3
179 2
1811 4
1819 1
183 1
1833 1
1843 1
1858 1
1895 12
1899 1
1923 2
1946 1
1955 7
1960 1
1966 6
197 1
1972 1
1976 1
1980 1
1989 3
1997 1
2004 2
2007 24
2015 1
2024 9
2030 2
2034 3
2038 1
2046 1
2053 8
2055 1
2059 1
2064 3
2072 1
2079 2
2085 1
2091 1
2092 1
2093 3
2106 2
2107 2
2108 2
2113 3
2116 1
214 6
2155 2
2165 1
220 1
2211 1
2226 1
2230 1
2234 1
225 1
2256 5
228 7
229 2
2297 1
2309 1
233 1
2336 1
2347 2
2349 3
2361 2
2377 3
238 1
2383 16
2388 1
2409 12
2411 1
2412 19
2416 16
2431 1
2475 1
2477 1
248 3
2483 1
2484 1
2486 39
2488 1
251 2
2575 1
258 2
261 2
264 1
271 1
272 4
273 2
280 1
284 1
302 4
31 1
310 7
316 1
319 1
331 11
333 2
336 1
337 1
339 8
349 3
354 18
363 5
366 4
368 3
370 25
371 1
377 2
380 2
387 7
396 1
397 7
402 6
405 21
408 1
410 5
423 1
424 1
428 3
430 1
433 25
434 1
446 1
447 1
459 2
460 3
465 1
476 3
512 2
515 1
55 17
555 1
564 8
577 2
582 2
584 3
588 1
597 1
60 7
61 7
618 1
639 4
646 1
647 1
665 1
684 2
691 2
730 2
736 1
745 2
747 1
749 2
753 1
785 1
786 1
789 1
800 3
801 2
802 1
803 1
811 1
816 5
821 1
825 1
834 1
84 4
854 2
87 8
870 4
903 5
92 1
935 4
938 3
941 2
948 4
949 2
95 1
952 1
954 6
963 1
966 3
97 2
98 1
981 3
986 6
988 7
995 1
997 1
