1043 3
1047 5
1048 3
106 1
1089 1
1094 1
1095 1
1097 1
1132 3
1142 7
1178 5
1198 1
1211 3
1239 7
1248 1
1274 1
1281 1
1296 1
1300 1
1301 1
131 1
1327 1
1330 1
1333 1
1353 1
1370 1
139 1
1403 3
1409 1
1413 2
142 1
1434 1
144 2
145 2
1457 6
147 2
1471 3
1475 3
1487 7
150 2
1513 1
1522 1
1558 1
1570 1
1571 2
160 1
1608 3
1620 4
1633 1
1634 4
164 6
165 1
1670 3
1681 3
1682 1
1689 4
1718 1
1740 2
1743 10
1744 1
1747 14
1757 1
1760 1
178 2
1787 1
1826 2
1829 2
184 2
1840 2
1849 1
1878 1
1895 3
1896 6
1946 1
1956 2
1966 3
1969 2
1972 2
1976 1
1979 4
1993 1
1995 1
202 3
2024 4
2036 1
204 3
2055 1
2058 3
2061 1
2069 2
2071 1
2082 1
2085 17
2093 1
2101 13
2110 3
2133 8
2155 1
2156 1
2186 6
220 1
2211 2
2226 1
2234 1
2237 2
2239 1
2271 1
229 11
230 7
2307 1
2315 4
2330 2
2352 1
2375 2
2377 2
2389 2
2394 1
2405 1
2428 6
248 1
2485 3
2486 29
2497 1
251 1
255 2
258 5
263 8
2637 3
264 1
266 7
270 1
280 3
281 3
310 2
331 4
333 6
334 7
336 6
339 3
340 1
353 2
354 2
365 4
371 4
377 4
390 1
405 10
410 7
424 6
430 1
433 6
438 4
455 2
460 4
461 1
473 3
487 2
503 1
512 1
535 1
54 4
55 11
558 1
565 1
575 1
597 1
60 3
600 2
61 3
622 1
629 3
646 7
655 2
661 1
710 1
712 1
718 1
736 2
743 5
747 1
789 2
790 2
792 1
802 6
804 1
82 1
870 1
900 10
907 3
911 1
914 4
924 2
926 2
941 1
949 2
954 5
961 8
962 1
979 5
981 2
986 1
