1001 1
1002 2
1042 2
1047 1
1048 4
1063 1
1064 1
1071 1
1074 2
1077 2
1079 6
1089 2
1096 2
1124 1
1132 1
1143 1
1156 1
1185 1
1224 18
1251 1
1276 1
1302 1
1307 4
1313 3
1360 1
1395 2
1398 4
1403 1
141 1
1413 1
1417 9
1434 1
144 1
145 3
146 1
147 10
1475 15
1479 1
1488 2
1506 3
1512 1
1513 1
1519 3
1522 1
1572 7
1575 1
1602 1
1639 1
164 1
1667 1
1679 4
1682 1
1689 2
1701 3
1703 2
1707 17
1708 3
1709 3
1711 2
1713 10
1725 1
173 4
1759 1
178 1
1793 1
1826 1
183 1
1831 2
184 2
1856 1
1858 1
1861 2
1864 2
1869 1
1878 3
1895 1
1899 1
1900 1
1909 1
1928 1
1942 1
1946 5
1948 1
1955 1
1964 1
1976 2
1979 1
1988 1
1993 2
2011 3
2014 2
2029 3
203 1
2034 1
2042 1
2043 2
2054 2
2069 1
2077 1
2093 1
212 6
214 1
2145 1
2147 1
2157 1
2164 1
2179 2
2226 3
2241 1
2262 2
2268 1
2279 2
228 2
2281 9
229 7
2309 2
231 1
2316 1
232 1
233 1
2331 6
2340 1
2348 2
2351 1
2361 4
2362 1
2365 1
2383 2
2398 2
2415 1
2432 1
2438 1
2468 1
247 1
248 1
2486 33
2491 1
2493 1
2495 2
2497 2
2500 2
2504 2
251 1
254 1
265 1
280 1
281 1
302 1
310 3
331 5
333 1
334 2
336 3
337 4
339 4
349 4
352 2
354 14
366 3
370 3
371 4
377 1
380 3
395 2
399 1
405 3
410 1
421 1
423 1
427 3
428 1
430 1
433 1
447 1
455 1
460 10
466 2
474 2
48 2
481 1
487 2
496 3
502 1
504 1
525 2
54 1
55 4
555 1
564 1
565 1
569 1
575 1
584 1
585 4
60 2
61 2
646 2
647 6
648 1
661 1
663 4
684 1
709 3
710 3
715 2
755 2
757 1
788 2
789 4
794 1
799 3
800 2
804 1
820 1
824 1
829 6
843 1
848 1
870 1
871 2
891 1
893 1
895 2
896 1
900 2
902 1
914 1
921 1
931 10
948 2
949 2
954 2
966 1
979 4
986 3
987 1
998 1
