1021 9
1023 2
1031 1
1035 4
1047 1
1048 3
106 5
1063 1
1074 1
1077 7
1079 1
1105 2
1178 2
118 2
1189 4
1190 2
1204 1
1211 1
1215 1
1248 1
1255 1
126 3
1269 1
1272 1
1273 2
1276 1
1321 2
1327 2
133 1
1357 27
1370 5
138 3
1388 2
1395 1
1399 3
1400 4
1403 3
1409 2
141 1
1411 4
1413 1
1417 3
142 1
1424 2
144 11
147 3
1471 4
1475 22
1487 2
150 2
1504 1
1513 2
1522 1
1540 1
1558 1
1563 2
1613 3
1634 2
1635 1
164 4
1645 2
166 1
1679 2
1682 2
1687 2
1688 1
1689 1
1716 1
172 1
173 3
1741 1
1744 1
1747 1
1749 2
176 1
177 2
178 1
1781 1
1787 1
179 1
1825 1
183 3
1879 1
1922 2
1928 1
1946 1
1948 1
1955 1
1956 2
1960 4
1976 4
2022 4
2076 1
2093 1
2106 1
212 1
2131 1
2169 1
2179 2
2186 3
220 1
2234 2
2278 29
2288 10
229 2
2297 2
230 2
2315 1
2324 2
2331 1
2340 1
2367 1
2393 1
2398 1
2399 2
2400 1
2405 1
243 3
2431 1
2478 2
2486 23
258 3
263 1
264 1
272 2
278 1
280 2
281 2
286 10
301 1
311 1
316 1
331 3
333 1
334 1
336 4
343 2
349 1
353 2
354 8
365 3
366 4
371 1
377 3
380 1
402 1
405 3
408 1
410 2
424 1
433 17
453 1
460 6
465 2
466 1
481 7
488 1
512 3
515 5
526 1
54 4
55 9
564 4
565 1
574 1
575 18
577 2
60 5
600 1
61 5
622 2
644 1
646 1
665 1
682 3
709 1
710 3
712 1
745 1
771 2
780 1
789 1
799 1
801 2
858 2
870 2
901 1
907 1
919 2
923 5
926 3
935 1
937 2
938 2
941 2
948 1
949 1
954 8
963 1
978 2
981 1
986 3
990 2
998 1
