1001 1
1043 1
1048 1
1055 1
1056 1
1057 1
1074 1
1075 2
1111 1
1113 2
1135 1
1155 1
1156 1
1178 1
1185 1
123 1
1295 4
1321 8
1348 1
1353 1
1459 1
147 1
1475 8
1485 1
150 1
1540 1
1563 1
1567 1
1572 2
166 1
1682 1
1688 1
1691 5
1725 2
173 1
1740 1
1749 2
1750 1
1759 1
1762 1
183 2
1840 1
1858 1
1860 3
191 1
1923 1
1928 1
1946 2
1950 1
1955 1
1976 7
2012 1
2014 1
2029 1
2030 1
2053 1
2064 1
2113 3
2116 1
214 1
2148 2
2157 1
2211 1
2302 1
235 1
2358 1
2362 1
2368 1
2375 1
2388 2
2412 1
2467 1
2469 10
2486 12
273 1
280 1
281 1
319 1
331 2
337 1
339 3
354 3
363 1
366 1
368 1
380 1
385 1
399 1
410 1
430 1
433 2
459 1
460 1
512 1
521 1
55 3
551 1
575 1
584 3
588 1
60 5
605 1
61 5
651 1
672 1
710 1
726 1
747 1
753 1
786 2
789 1
792 1
800 2
803 1
823 2
825 1
877 1
899 1
902 1
903 2
907 4
954 2
981 1
