1001 3
1037 2
1039 6
1042 4
1043 2
1048 5
1055 2
106 1
1069 1
1077 1
1079 1
108 1
1081 1
1089 2
1094 1
1096 1
1102 2
1132 17
1143 2
1163 1
1178 6
1189 4
1207 1
1211 1
1215 2
1239 1
1248 2
1259 1
126 2
1272 3
1281 1
1292 1
1306 2
1326 1
1330 2
1353 2
1360 1
138 12
1380 1
1396 1
1399 17
1403 1
1413 1
1415 11
1417 1
142 7
1423 4
1426 1
1436 3
1438 2
144 2
145 6
1457 1
1471 1
1475 14
1487 11
150 4
151 1
1513 1
1519 1
1522 1
1524 1
1528 1
1532 1
1541 1
1570 3
1571 1
1606 1
1620 4
1634 1
164 5
1650 1
1656 1
1679 2
1681 1
1689 1
1691 3
1716 4
1732 1
1744 2
1745 2
1759 1
1770 1
1779 2
178 1
1825 1
1833 1
184 3
1849 1
1895 2
1896 1
1905 1
1928 1
1972 2
1978 1
1994 1
2007 2
202 3
2024 4
2030 1
2038 2
204 2
2055 1
2058 2
2064 1
2079 2
2085 5
2091 2
2093 1
2108 11
212 1
2155 1
2156 1
2173 2
218 1
2186 1
2211 1
222 1
2220 2
2226 1
2229 1
223 1
2232 1
2234 4
2240 1
2267 1
2271 1
2273 1
229 13
230 1
2305 2
231 1
2315 1
2316 1
2349 1
2352 7
2361 1
2389 9
2405 1
2411 3
2428 1
2432 6
2471 1
2483 1
2484 1
2486 28
2497 2
254 3
255 1
258 2
264 1
266 1
270 4
271 1
277 1
278 1
280 14
281 1
286 1
331 11
333 2
334 1
337 1
339 3
353 4
354 14
365 2
366 3
368 2
371 3
377 4
386 1
387 1
395 3
405 1
410 2
424 3
433 1
434 1
438 1
455 1
460 1
461 2
465 1
469 1
472 3
512 1
535 2
54 22
55 7
555 1
564 3
565 4
575 27
584 1
592 1
60 1
600 1
61 1
639 2
646 3
655 2
660 1
706 10
730 1
743 36
747 2
780 1
785 2
789 6
790 1
798 1
800 2
802 1
803 5
816 1
82 3
837 1
870 2
882 3
900 5
902 3
907 1
914 1
915 1
938 2
941 2
948 1
949 1
95 1
96 1
961 1
966 5
986 3
990 9
