1001 6
1008 4
1033 1
1037 6
1042 3
1047 9
1048 4
1055 1
1056 1
1060 1
1064 2
1074 2
1077 2
1080 1
1089 4
1094 2
1096 4
1097 2
1111 1
1127 4
1129 1
1143 1
1175 1
1178 2
1189 1
1211 1
1248 1
1255 3
1259 1
1270 2
1274 2
1302 1
1321 7
1327 1
1330 1
1353 1
1393 2
1399 2
142 7
144 1
145 8
1459 11
146 1
147 1
1475 26
1485 2
1487 17
1500 4
1501 1
1540 1
1550 5
1567 1
1571 1
1572 2
1601 1
1633 6
1635 1
164 17
165 1
1670 2
1672 2
1681 1
1705 1
1716 1
1718 1
173 1
1747 1
1749 1
177 2
1779 6
1795 5
183 5
184 10
1840 1
1846 1
1849 5
1929 1
1946 2
1949 1
1955 2
1966 4
1976 1
1979 1
199 1
1996 1
202 1
2030 1
204 2
2044 1
2046 1
2055 1
2068 1
2071 1
2075 4
2100 1
2107 1
2114 1
2116 4
2130 1
214 1
2148 1
2156 1
2182 1
223 1
2240 3
2265 6
228 1
2284 1
229 19
2290 1
230 1
232 1
2323 2
2359 2
2373 2
2375 2
2388 1
239 1
2395 2
2396 1
2412 6
2432 1
2468 1
2469 2
248 1
2486 17
2496 1
2497 6
251 1
264 5
265 6
273 2
280 1
286 4
302 2
316 1
319 2
331 6
333 10
334 2
336 2
337 5
339 1
353 16
354 3
363 8
365 1
371 4
377 1
382 2
390 1
395 2
402 4
405 3
410 2
423 1
424 2
425 1
430 1
437 1
455 2
459 4
460 3
477 1
490 4
494 1
512 3
535 1
54 2
55 9
561 1
575 1
584 7
585 1
60 2
61 2
629 1
646 2
655 1
710 2
731 1
743 1
745 1
786 1
800 4
801 2
825 1
83 1
859 1
870 2
899 1
903 5
907 1
923 2
926 1
938 1
941 1
948 1
960 1
961 1
963 3
966 1
979 2
986 1
990 9
997 1
