1001 3
1022 1
1031 4
1037 1
1042 2
1043 1
1047 4
1048 1
1055 2
1063 1
1068 1
1077 1
1079 4
1096 4
1097 1
1103 1
113 1
1132 2
1135 2
1143 1
1155 1
1178 8
1239 4
1259 3
126 1
1272 3
1296 1
130 1
1301 2
1305 2
131 1
138 9
1389 3
139 2
1396 1
1399 3
140 2
1403 1
141 1
142 3
1426 2
1434 1
145 3
1457 21
1475 14
1485 5
1512 2
1513 5
1522 1
1564 1
1567 4
1570 9
1571 1
1596 1
1601 1
1611 11
1620 2
1633 2
1634 7
164 8
1656 1
1670 1
1679 4
1681 2
1682 1
1688 1
1689 3
1691 6
1728 1
173 5
1741 1
1743 1
1744 2
1745 4
1747 12
1748 6
175 1
1773 1
1824 1
1826 11
183 1
184 2
1847 1
1849 1
1868 2
1869 2
1895 1
1896 1
194 1
1946 4
1955 1
1966 3
1972 1
1976 3
1989 1
1991 1
1994 2
1995 2
2007 4
202 14
2022 1
2024 4
203 1
2030 1
2038 1
204 1
2053 4
2058 2
2071 1
2085 9
2092 1
2101 16
2107 1
2127 1
2133 1
2143 2
2155 1
218 1
220 1
2226 1
2232 1
2234 4
2240 1
2252 1
2271 1
2273 3
2282 2
229 6
2299 1
230 1
231 2
2315 1
2316 1
234 1
2352 1
2373 4
2377 7
2379 1
2388 13
2411 1
2428 21
2432 8
2460 1
2468 1
2481 1
2483 2
2484 2
2486 36
2501 1
2509 1
2518 2
255 1
258 1
265 1
266 2
270 2
271 1
272 1
278 1
280 1
281 2
284 1
286 2
294 1
319 2
331 6
334 1
336 1
339 1
340 1
349 3
353 5
354 11
365 2
366 1
368 2
371 3
377 3
395 1
408 1
410 3
424 3
428 1
433 1
434 2
447 2
455 5
460 1
461 1
466 1
472 1
473 2
495 1
512 1
54 15
55 6
564 1
565 2
575 20
591 3
60 13
61 13
622 1
629 1
639 4
646 7
651 1
655 2
706 2
710 2
736 3
743 26
747 6
773 1
780 1
789 5
790 6
796 3
800 4
803 1
816 1
825 1
852 1
870 2
900 4
907 1
914 2
938 2
940 1
941 2
948 2
949 2
966 6
971 1
979 3
986 1
989 1
990 10
991 3
