1001 5
1023 1
1034 3
1037 1
1042 1
1043 3
1047 8
1048 2
1055 1
1063 1
1067 3
1068 3
1074 1
1077 2
1079 4
1089 3
1094 1
1106 2
1114 1
1132 4
1155 1
1169 1
1178 9
1189 1
1211 8
1218 1
1230 1
1243 1
1248 3
126 2
1271 1
1273 1
1282 1
1296 1
130 1
1301 4
131 1
1321 3
1353 1
138 4
1380 3
1387 1
1399 13
140 1
1403 4
1405 1
141 2
1413 1
1415 3
142 2
1421 1
144 1
145 3
1471 7
1475 16
1485 1
1487 3
150 3
1513 1
1541 1
1570 25
1571 2
1572 2
1601 10
1620 2
1633 1
164 12
1649 1
1656 9
1672 1
1678 1
1679 2
1681 2
1686 2
1689 3
1691 4
1696 1
1716 1
172 1
1725 1
1732 1
1740 1
1744 1
1745 10
1749 1
1757 1
1759 1
1760 4
1761 1
1765 1
177 3
1773 1
178 2
1787 4
1825 3
183 3
1833 6
184 5
1850 1
1883 1
1896 4
1904 1
1922 1
1928 3
1946 1
1950 8
1951 1
1966 1
1976 1
1978 1
1979 2
1994 2
1995 1
2007 1
2024 2
2029 2
2030 4
204 9
2056 1
2058 3
2059 1
2063 3
2068 1
2076 1
2085 10
2093 5
2108 3
2116 4
212 1
2133 1
2135 1
2136 1
2148 2
2155 1
2229 1
223 1
2234 2
2239 6
2249 1
225 3
2258 1
2267 1
2271 2
2273 3
228 2
2281 1
229 15
230 2
2300 1
2316 1
233 3
2330 1
2349 1
2352 1
2377 1
2389 2
2391 2
2393 1
2405 1
2411 3
2431 1
2432 2
244 1
2468 1
248 1
2483 6
2484 6
2486 39
2497 2
2499 1
2500 2
254 1
255 2
258 2
263 4
265 2
270 2
272 1
273 2
278 1
280 7
281 3
302 1
326 1
331 15
333 8
334 11
336 4
339 2
342 2
349 2
353 6
354 3
363 9
365 4
366 5
368 1
371 9
377 5
390 1
395 8
399 1
402 1
405 1
410 8
419 1
424 2
426 1
427 1
433 4
437 3
438 2
455 1
459 1
460 2
461 6
466 2
472 2
488 1
493 1
512 1
535 2
54 10
545 2
55 14
564 2
565 2
575 16
577 4
584 4
60 2
61 2
639 2
646 6
655 3
661 1
672 1
676 1
706 13
743 25
747 2
786 1
789 3
798 1
800 1
802 2
803 2
82 2
825 1
892 1
899 1
900 1
902 1
903 1
907 1
911 3
914 4
923 2
924 1
938 3
948 1
949 1
951 1
954 8
961 1
966 1
979 12
986 3
989 3
990 14
