1042 1
1048 1
1079 1
1111 2
1127 5
1255 3
126 2
1301 1
1321 5
1330 2
138 3
1398 1
140 4
1459 3
147 1
1475 4
1550 6
1613 4
1623 4
1679 1
173 1
1759 3
1840 1
1849 1
1976 1
1979 2
2030 1
2046 1
2047 1
2058 1
2066 1
2148 1
2155 2
2218 2
223 1
225 1
2299 2
2309 1
2349 1
2377 1
238 3
2412 1
2486 10
258 1
310 2
316 1
317 1
331 2
333 1
339 1
349 1
354 1
363 1
369 1
377 3
396 1
405 2
406 4
410 1
425 1
433 1
449 2
500 1
512 2
54 1
55 3
565 1
575 2
60 1
600 2
61 1
611 1
629 1
646 5
655 1
665 1
709 2
710 1
763 1
785 1
788 1
789 4
801 1
833 1
85 1
864 5
903 1
914 2
948 2
954 2
955 1
963 1
976 5
981 1
