1001 3
1022 1
1028 4
1037 1
1043 1
1048 4
1055 1
1063 1
1077 1
1079 1
1107 2
1111 1
1135 3
1142 1
1178 1
123 1
126 1
1271 1
1272 1
1273 1
1274 1
1328 2
1330 1
1341 2
138 3
1389 1
1396 1
1399 4
140 1
1413 1
1415 1
1438 2
1450 2
147 1
1475 5
1481 1
1485 1
1499 4
150 1
1570 8
1572 2
1601 6
1620 4
1633 1
1634 1
1637 1
164 4
1679 3
1689 2
1696 3
1704 2
1749 1
1773 1
1806 1
183 2
1832 1
184 1
186 1
1868 1
1959 1
1966 1
1974 1
1976 1
1979 1
2007 1
2016 1
2024 4
203 1
2030 1
204 1
2077 1
208 1
2085 2
2099 1
2107 1
2108 1
2139 1
2155 1
2156 1
223 1
2234 1
2240 1
2273 1
229 3
2312 1
2316 3
2324 2
2335 2
2349 1
2352 1
2370 1
2389 2
2391 1
2432 3
2486 19
254 1
258 1
270 1
278 1
280 2
281 1
286 1
310 1
331 1
339 1
354 2
363 1
365 3
366 2
371 1
380 1
402 1
428 3
437 1
455 1
460 2
526 1
54 1
55 4
565 1
566 1
575 13
579 4
584 1
597 1
60 4
600 3
61 4
620 1
639 1
646 1
651 1
706 10
714 2
743 16
745 1
747 1
781 1
786 3
789 1
790 1
800 1
803 1
804 1
823 1
882 1
892 1
900 5
914 1
935 1
938 1
941 1
948 1
949 3
951 3
954 1
960 1
981 1
986 2
990 5
