1000 2
1001 4
1002 2
1031 1
1035 1
1037 1
1042 1
1043 13
1046 2
1047 1
1048 3
1055 2
1057 2
1059 1
106 1
1063 1
1068 1
1073 1
1082 2
1089 1
1096 1
1098 2
1107 1
1114 1
1128 4
113 1
1142 2
1155 9
1169 1
1178 2
1195 1
1199 1
121 2
1217 2
123 1
1245 1
1254 1
1255 1
1259 1
1272 1
1276 1
128 1
1305 1
132 1
1321 3
1326 1
1341 5
1370 3
1380 2
1395 1
140 1
141 6
1417 2
1424 2
1436 1
145 1
146 1
147 5
1471 1
1475 13
1485 1
1491 2
150 2
151 1
1523 1
1544 1
1567 2
1571 1
1572 1
1622 1
1624 1
1628 1
1633 2
1634 1
1635 1
164 1
1645 1
165 1
1660 1
1670 1
1679 3
1682 1
1690 1
1691 10
1705 2
1709 1
173 3
1749 2
1759 1
176 4
1779 3
178 1
179 1
1826 1
183 1
1840 1
1847 2
1895 1
1900 1
191 1
1918 1
1922 4
1928 1
1946 3
1960 1
1964 1
1966 2
1972 2
1976 2
199 1
202 1
2030 1
2047 1
2063 1
2075 1
2085 2
2091 1
2101 1
2106 11
2107 1
2113 1
2116 1
2148 3
2149 1
2155 2
2173 2
2181 1
2226 2
2227 1
2229 1
223 2
2234 1
2239 5
2240 3
2241 1
2256 4
2268 1
228 1
2288 3
2290 4
2306 1
2307 1
2316 1
2339 1
2349 2
2352 1
2361 1
238 3
2381 1
2385 2
2388 1
2394 1
2415 1
246 4
248 1
2486 28
2497 1
256 1
258 2
261 1
263 2
271 1
278 1
301 1
302 2
316 2
319 2
331 4
334 1
336 5
339 4
342 1
349 2
353 1
354 8
363 3
366 2
377 1
382 1
387 1
399 2
402 2
405 2
410 4
415 1
430 3
433 10
434 1
455 4
460 10
476 3
478 1
496 1
498 1
504 1
515 1
516 1
526 3
537 1
54 3
547 1
55 5
564 2
565 1
575 8
580 1
584 2
595 1
597 1
60 7
605 2
61 7
634 1
639 5
646 2
647 2
655 3
660 2
661 1
668 1
710 2
714 2
731 1
743 2
756 1
757 1
760 1
761 1
769 1
771 1
780 2
789 2
80 1
800 6
803 1
814 2
825 1
831 1
833 1
837 1
84 1
845 4
899 2
900 1
903 4
914 1
926 1
927 1
935 1
937 1
941 1
946 1
948 3
949 3
954 1
96 1
960 1
963 1
979 1
980 1
981 2
997 3
