1001 1
1007 2
1042 3
1043 5
1047 2
1048 2
1074 2
1077 6
1079 2
108 2
1082 4
1089 2
1096 1
1107 5
1111 2
1116 2
1127 4
1128 5
1135 9
1144 3
1169 2
1171 2
1178 4
1190 1
1192 1
1198 1
1217 1
1224 1
1239 2
1243 1
1248 3
1251 1
1266 2
1269 1
1272 1
1273 3
1295 3
130 2
1302 1
1312 4
1321 5
1327 3
134 1
1359 1
136 1
1370 7
1372 5
138 1
140 4
1405 1
1407 3
1413 1
1415 1
142 1
1426 2
1432 1
1438 2
145 2
1457 1
146 1
1469 2
147 10
1470 1
1475 26
1485 7
1486 3
1519 2
1540 1
1563 1
1572 3
1592 2
1598 2
1608 1
1620 3
1624 1
1633 1
1634 3
164 1
1646 1
1656 2
1664 1
1679 4
1688 1
1709 2
1716 3
173 4
1747 2
1749 1
1754 1
177 3
1779 3
178 2
1784 1
179 1
1791 1
1809 1
1811 2
1820 2
183 2
184 4
1845 1
1847 2
1849 1
186 1
1895 2
1922 7
1923 1
1946 4
1955 5
1959 1
196 1
1966 1
197 4
1972 5
1976 1
1978 1
1982 1
199 2
2007 1
2024 7
2029 1
2030 6
2031 1
2053 1
2058 2
2059 1
2063 4
2068 8
2075 2
2079 1
2082 1
2091 3
2093 1
2103 1
2107 4
2113 2
2116 4
2133 1
2135 4
2155 4
2157 1
2162 3
2186 3
2229 5
223 1
2234 2
2239 1
2240 1
2241 1
225 1
2267 1
2271 1
2281 2
2287 1
2288 2
229 1
2309 1
2316 1
2323 2
2333 1
2335 1
2340 2
2347 3
2349 3
2353 1
2358 1
2373 2
238 1
2381 5
2383 2
2385 4
2388 1
2431 2
2432 1
2469 9
248 2
2483 2
2484 2
2486 23
254 1
255 2
261 1
264 5
265 3
270 1
272 2
273 1
281 2
284 1
286 3
291 1
301 1
302 4
310 2
313 1
319 3
331 3
336 1
337 1
339 8
342 2
349 2
353 1
354 10
363 7
365 2
366 3
368 2
370 2
377 1
395 1
396 1
399 1
402 3
405 3
407 1
410 2
423 1
427 1
428 3
433 12
434 1
447 1
455 3
459 2
460 6
466 1
472 3
474 2
495 1
512 4
545 2
55 13
555 1
558 1
575 5
577 3
580 2
582 2
587 1
597 1
60 3
600 1
605 1
609 2
61 3
617 1
622 1
629 2
634 1
639 1
650 1
651 1
655 1
660 2
665 2
672 2
677 3
689 1
691 1
694 1
710 3
714 1
718 1
731 2
736 1
741 1
745 2
747 2
764 3
771 3
779 2
785 2
798 1
800 5
801 3
803 5
813 1
819 1
82 5
823 3
825 7
854 3
859 1
882 1
901 2
902 2
903 10
907 1
911 1
926 1
938 6
941 2
946 1
948 3
949 1
95 1
960 1
963 2
966 1
979 6
981 2
986 5
990 1
997 2
