1033 8
1035 6
1042 3
1043 3
1048 6
1064 1
1067 1
1073 1
108 1
1096 1
1127 1
113 7
1143 1
1145 1
1152 1
116 1
1178 4
1185 1
1189 3
123 3
1248 1
1271 3
1273 1
1296 1
1305 1
1321 1
1327 6
1335 1
1340 4
1360 1
1372 2
1380 1
139 2
1399 7
1400 1
1405 3
1409 1
141 1
1413 4
1426 2
1434 1
145 3
1459 1
146 1
147 9
1475 19
1485 10
1487 2
1513 1
1522 2
1532 5
1563 1
1567 1
1572 5
1592 4
1633 1
1634 1
1635 2
1639 3
164 1
1702 2
1705 1
173 7
1759 1
1761 1
177 1
1779 1
1787 1
1811 1
1824 1
183 4
1832 1
184 1
1849 1
1855 1
1856 2
186 2
1862 1
1905 1
1909 1
1923 1
1946 1
1948 1
1955 1
1956 1
1963 1
1966 1
1969 1
1972 1
1979 1
1994 1
1995 1
1996 1
2024 5
2029 2
2030 9
2038 1
204 1
2042 2
2063 2
2066 2
2077 1
2078 1
2091 1
2113 1
2116 1
212 2
2127 3
2155 1
2178 1
2181 1
2220 2
2226 1
2229 1
2234 1
2239 1
2256 6
2268 1
2288 8
2290 1
230 1
2335 2
2340 1
2347 1
2349 3
2355 3
2361 3
2367 1
2387 1
2393 2
2412 1
2427 2
2431 4
2432 5
2450 1
246 10
2486 35
2497 1
258 3
264 1
266 1
270 6
271 1
277 1
281 2
282 1
284 1
285 1
301 2
302 3
310 1
331 3
336 2
337 2
339 4
342 1
343 1
349 1
353 4
354 12
363 1
365 2
366 1
367 9
370 3
405 6
407 1
410 1
421 3
422 4
423 1
424 2
430 1
433 2
437 1
446 1
453 3
455 1
459 1
460 7
465 1
466 6
512 8
525 2
528 1
545 3
55 8
555 2
558 3
563 1
564 1
565 1
575 9
582 1
585 1
597 1
60 2
600 2
608 2
61 2
646 1
665 5
689 1
698 1
710 1
718 1
730 1
731 1
743 8
745 1
747 2
753 3
769 1
771 1
786 1
788 1
790 1
791 2
792 1
800 2
801 6
802 1
803 1
811 1
823 2
828 10
833 4
856 1
863 1
866 1
870 2
894 1
899 3
903 3
907 1
914 1
926 1
928 1
938 5
941 3
948 1
949 2
954 4
966 1
971 1
973 1
979 1
981 1
986 3
989 1
990 2
997 1
