1001 1
1017 1
1035 1
1037 3
1043 1
1047 1
1048 3
1055 2
1057 1
1067 1
1082 1
1084 2
1085 3
1094 1
1103 1
1126 1
1145 1
1172 1
1178 1
1189 1
1192 1
1248 1
126 1
1273 1
1283 1
1321 7
1327 2
1330 1
1341 9
1348 1
1353 1
1372 2
1380 1
139 3
140 1
1400 2
1403 2
1405 2
1409 1
1411 1
1417 12
1424 1
1434 1
145 1
1459 2
147 5
1470 2
1475 19
1485 1
150 2
1513 1
1544 7
1570 1
1572 1
1606 1
1613 1
1633 2
164 1
1656 2
1679 1
1680 1
1681 3
1682 1
1696 1
1716 1
173 7
175 1
177 1
1779 1
1788 1
1809 1
1826 1
183 2
184 4
1889 2
1895 1
1942 1
1946 2
1959 1
1972 2
1996 2
2024 5
2029 1
2030 4
204 2
2042 2
2043 1
2055 1
2063 1
2076 2
2079 2
2093 2
2107 2
214 1
2160 2
220 2
2229 1
223 1
2234 1
2237 1
225 1
2256 1
2271 1
228 3
2282 1
229 4
2306 1
2307 1
232 1
2329 1
2349 1
2367 1
2383 3
2385 1
2387 1
239 1
2412 1
2431 1
2432 2
2469 1
2486 23
264 1
265 3
270 3
272 1
273 1
277 1
280 1
282 1
302 7
306 1
310 4
331 4
334 1
336 14
349 2
353 1
354 7
363 1
365 2
368 4
369 1
371 3
380 1
396 1
399 1
402 6
405 5
410 1
423 4
424 1
430 1
433 4
459 6
460 6
466 2
503 1
504 2
512 5
52 5
54 2
545 2
55 9
564 1
565 3
570 1
575 2
582 1
60 3
61 3
629 1
639 3
665 2
671 1
672 1
684 3
702 1
710 2
712 2
745 4
747 1
771 2
779 2
789 1
800 1
801 7
803 1
811 1
816 1
82 2
825 1
833 2
870 1
875 2
900 1
903 5
923 8
941 1
948 2
954 1
960 1
963 1
979 2
983 1
986 1
990 5
994 3
997 1
998 2
