1035 1
1043 6
1048 1
1057 1
1064 1
1067 2
1079 2
1192 1
1217 1
1221 1
1248 1
1255 1
1256 2
1273 1
1274 1
1297 2
1311 1
1372 3
1380 2
1411 2
1413 1
1434 2
144 4
1455 2
1459 1
147 6
1475 6
1485 1
151 1
1513 1
1522 1
1548 10
1633 1
1635 3
165 1
1679 2
1690 1
1702 4
173 2
1776 2
183 2
1858 1
1920 2
1956 1
1964 1
1966 1
1972 2
1976 1
199 1
202 1
2024 5
204 1
2055 1
2093 1
214 1
2156 1
2157 1
2181 1
2192 1
2226 2
2229 13
223 1
2240 1
2256 4
228 1
2307 1
2349 1
2388 2
2412 1
2431 1
2463 2
2486 14
265 1
272 2
278 1
284 1
302 1
310 1
319 2
331 4
353 1
354 6
358 1
363 1
365 1
368 1
370 1
376 1
392 1
395 2
399 1
410 3
422 1
423 2
430 1
455 2
459 1
460 1
466 1
488 1
512 2
54 1
55 3
572 1
575 2
60 1
61 1
629 3
639 1
668 2
710 1
731 6
747 2
789 2
801 2
811 1
854 2
870 2
903 1
948 1
954 1
983 1
986 1
989 2
990 1
997 1
