1009 1
1013 1
1031 1
1042 2
1043 11
1048 1
1057 1
1060 2
1074 1
1079 2
1089 2
1094 1
1095 1
1105 2
1132 1
1195 1
1204 1
1211 1
1237 1
1248 1
1272 1
1273 1
1295 1
1302 2
1321 1
1327 2
1348 1
1370 1
1372 3
1378 3
1399 3
140 1
141 3
1413 2
1417 2
1421 1
1426 2
1429 2
1438 1
144 2
145 1
147 1
1475 11
1485 4
1487 1
1491 1
1496 1
1528 1
1540 2
1571 5
1572 2
1601 1
1611 2
1630 1
1633 4
1635 1
1637 1
1670 1
1679 9
1681 4
1682 2
1690 1
1716 1
173 2
1741 1
1744 1
1779 3
179 2
1791 1
1805 2
1806 1
1811 3
1820 1
183 1
1840 2
1858 1
1876 6
1900 1
1901 1
1906 1
1922 1
1946 4
1955 2
1966 6
1976 1
1979 9
1982 1
1985 1
1994 1
2017 1
2029 1
2030 1
2043 6
2044 1
2053 1
2055 1
2058 2
2064 1
2072 1
2075 2
208 1
2092 2
2093 1
2106 9
2107 4
2108 2
2113 1
2116 1
212 1
2135 1
2155 2
220 2
2215 9
2219 2
2234 2
2239 1
2256 1
2271 1
228 2
2288 3
229 1
2290 1
230 1
234 1
2343 1
2347 2
2352 1
2361 1
2364 1
2370 1
2373 3
2381 3
2383 1
2388 1
2411 1
2438 1
2441 3
2461 1
2468 1
248 1
2486 29
258 1
264 1
270 1
272 2
273 2
280 4
284 3
301 1
302 3
319 3
327 2
331 5
333 1
338 1
339 2
349 2
353 1
354 3
363 4
364 2
365 1
368 2
382 2
396 3
402 6
405 7
410 2
423 1
428 1
433 4
434 2
446 1
449 1
459 2
460 4
466 4
476 1
479 1
487 1
512 2
54 1
55 13
558 8
564 3
575 9
577 1
60 6
600 2
61 6
628 1
634 1
647 5
655 1
668 1
697 1
709 3
710 2
712 2
731 1
736 1
743 5
757 1
760 2
769 1
780 1
785 1
789 1
790 1
792 1
800 4
801 2
802 1
803 1
82 2
825 1
84 2
870 1
893 2
900 2
919 2
924 3
937 3
938 1
941 1
948 1
954 2
97 1
973 2
979 1
981 1
983 1
986 5
997 1
