1001 4
1008 3
1035 2
1042 1
1043 6
1047 3
1048 2
1067 1
1069 1
1073 1
1079 1
1082 1
1089 1
1096 3
1127 2
1145 2
1178 3
1189 5
1192 2
1207 1
1211 1
1215 1
1228 1
1259 1
1271 1
1306 1
1321 7
1324 2
1326 5
1327 1
1340 3
1367 1
1370 4
1372 1
1395 1
1413 1
142 1
1436 1
144 3
145 2
1459 12
1475 19
1485 2
1487 2
150 1
1502 1
1506 1
1513 2
1550 4
1572 4
1579 1
158 2
1590 1
1611 1
1613 1
1633 2
164 2
1641 1
1678 1
1679 1
1680 1
1682 8
1704 1
1716 4
173 3
1732 2
1744 1
1759 1
1779 2
178 1
1785 1
1787 1
1791 1
1811 1
1829 1
183 3
184 5
1849 5
186 2
189 3
1917 1
1919 1
1942 1
1946 1
1948 1
1953 1
1955 1
1966 3
1968 1
1969 1
1972 1
1973 1
1978 1
1990 1
2007 17
2016 2
202 1
2024 1
2030 1
2034 1
2038 1
2051 1
2063 1
2066 1
2075 1
2079 2
2091 1
2101 1
2102 1
2103 1
2107 1
2113 2
2116 2
2135 3
214 1
2155 1
2182 1
2186 1
220 1
2229 1
2230 1
2233 2
2239 1
2249 1
2256 3
2265 1
2283 1
229 3
2299 1
230 1
2309 1
2312 2
2317 1
234 1
2349 1
2361 1
2367 1
2388 2
239 2
2395 1
2403 1
2404 1
2411 2
2412 8
2467 1
248 2
2486 16
2496 1
265 2
272 1
273 3
280 1
286 3
302 6
307 1
310 3
316 1
319 2
331 3
335 1
336 1
337 3
339 4
354 1
357 1
366 2
368 1
370 1
371 1
385 1
399 4
402 2
405 6
421 1
428 1
434 1
440 1
459 3
460 6
461 1
512 2
528 1
54 2
55 11
555 1
562 1
565 1
575 2
577 1
584 2
585 3
597 2
60 2
61 2
617 1
624 1
629 1
635 1
651 1
655 1
682 2
698 1
709 1
712 1
771 4
789 4
800 4
801 1
802 1
804 3
816 2
82 3
84 1
85 2
87 1
893 1
903 4
914 3
926 1
929 1
941 1
949 1
955 1
960 2
963 1
981 1
986 1
997 3
998 1
