1001 2
1022 1
1031 2
1035 1
1043 3
1048 3
1063 1
1070 1
1074 5
1077 1
1079 3
1082 1
1096 1
1111 2
1126 1
1132 5
1178 2
1189 3
1192 2
1211 2
1230 3
126 5
1273 3
1285 1
1306 2
134 1
1340 3
1370 1
138 6
1389 1
1399 11
1405 2
1409 1
1413 2
1415 1
1424 1
1434 1
1450 1
146 1
147 1
1471 2
1475 17
1485 1
1512 2
1513 3
1521 2
153 2
1570 8
1572 3
1576 1
159 1
1590 1
1601 10
1606 12
1620 10
1633 3
1634 4
1637 1
164 4
1656 6
1679 5
1681 1
1691 1
1704 1
1709 2
1743 1
1744 2
1757 1
1759 6
1761 1
178 1
1780 1
179 1
1806 1
183 1
186 1
1868 1
1892 1
1896 1
1900 2
1949 2
1950 4
1955 1
1966 6
1972 4
1978 6
1994 1
1995 1
1996 1
2007 6
2012 1
2024 2
2029 5
2034 3
2038 1
2042 1
2063 3
2085 2
2093 2
2108 1
2113 1
2116 1
212 1
2139 1
214 9
2155 3
2156 1
220 1
2215 1
2223 1
2234 1
2239 2
2240 4
225 1
2273 1
2288 2
2307 1
2315 1
2316 3
232 4
2373 1
2385 1
2394 2
2432 12
2486 27
258 3
263 3
265 2
270 4
273 2
281 3
283 1
284 2
318 2
331 6
339 7
342 1
354 6
363 1
366 6
371 6
377 1
399 2
405 2
408 1
410 3
424 6
428 3
430 1
459 6
460 3
473 1
504 1
512 2
54 12
546 1
55 6
558 2
565 7
575 7
600 2
639 3
646 1
661 6
668 1
672 12
706 15
712 1
743 29
763 1
771 2
780 1
786 9
789 4
790 2
792 10
800 1
804 3
811 3
812 1
849 2
863 1
899 3
900 13
902 1
911 1
923 1
935 1
941 1
948 2
949 1
95 1
979 2
986 5
990 1
998 1
