1001 3
1039 3
1043 3
1047 7
1048 2
1055 2
1061 1
1067 6
1074 2
1079 1
1094 1
1096 5
1097 3
1132 4
1135 1
1143 1
1178 4
1189 3
1192 2
1194 1
1211 7
1243 1
1259 1
126 2
1274 1
1285 1
1295 1
130 1
1301 1
1305 3
1321 1
1328 1
1330 3
1340 1
138 1
1389 4
1399 8
140 1
141 1
1413 3
142 10
145 1
1457 7
146 2
1471 2
1475 5
1487 4
150 1
1513 2
1516 1
1519 2
1570 26
1572 1
1608 1
1617 4
1633 1
1634 6
1635 2
164 9
165 1
1656 11
1670 1
1679 3
1681 2
1682 1
1689 6
1716 1
1725 2
173 2
1744 1
1745 5
1747 2
175 1
1750 1
1761 1
1773 2
178 5
1825 1
1826 4
183 6
1839 2
1847 1
1858 1
1868 4
1869 1
1928 1
1946 1
1956 1
1966 1
1972 1
1994 1
2007 5
202 6
2028 1
2030 1
2037 1
2038 1
2056 2
2058 1
2079 1
2085 7
2110 1
2116 1
2155 1
2181 1
2192 1
2200 1
2226 1
223 1
2234 3
2239 5
2253 1
2282 3
229 15
230 1
231 2
2316 2
2349 1
2352 1
2371 1
2373 2
2375 1
2377 2
2389 1
2428 7
2432 1
2486 29
2496 1
2497 1
254 2
263 1
270 3
272 1
273 1
277 1
278 1
280 7
281 2
283 1
284 3
310 1
331 9
333 3
334 3
336 1
339 2
342 1
354 9
363 1
365 2
366 1
371 11
377 6
395 2
399 2
410 1
424 5
433 2
435 1
455 3
459 3
460 5
461 1
466 2
472 2
473 1
493 3
504 4
512 10
515 1
54 11
55 7
575 9
577 2
60 4
61 4
629 1
639 1
655 1
661 1
706 5
709 1
710 3
736 1
743 29
747 6
756 1
780 1
785 2
789 5
790 4
803 2
804 1
82 2
823 1
870 2
899 1
902 2
907 4
914 3
954 11
966 3
979 2
981 1
990 9
