1043 4
1051 1
1067 1
1089 1
1094 1
1096 1
1170 2
1178 1
1195 1
1205 1
1208 1
1245 1
1254 1
1288 1
1300 6
1302 1
132 2
1395 1
1413 1
1417 1
142 2
144 2
1443 1
1459 2
1475 7
151 1
1543 1
1571 1
1572 1
1635 1
1637 1
1681 2
1682 2
173 1
1744 1
1745 1
177 1
1779 2
1806 1
1868 1
1946 1
1955 1
1966 5
2002 1
2007 2
2030 1
2046 5
2068 1
212 1
214 1
2155 1
2234 2
2240 1
2260 1
228 3
229 2
2292 1
233 1
2341 1
2352 1
2373 1
2412 2
2478 1
2486 5
264 1
270 1
302 1
310 1
337 1
349 1
354 3
363 1
365 1
370 1
371 1
398 1
405 3
428 1
434 1
449 1
459 1
460 1
504 2
54 2
55 3
575 3
577 1
595 2
597 1
60 3
61 3
611 1
785 1
790 1
809 5
816 1
82 1
84 1
87 1
900 1
91 1
940 1
949 1
981 1
986 1
990 1
