1001 3
1043 8
1047 1
1063 1
1064 1
1068 2
1074 1
1077 1
108 1
1080 1
1083 1
1098 1
1111 1
1120 1
1123 1
1155 2
1178 6
1255 1
1259 1
1272 2
1273 2
1304 2
1305 1
132 1
1321 2
1330 1
1340 1
1346 1
1348 1
1370 1
1382 1
1387 5
141 17
1417 1
1434 1
146 1
147 7
1475 5
1477 1
1512 1
1519 1
1528 1
1563 1
1567 2
1571 1
1572 2
1621 2
1633 3
1634 1
1670 2
1679 3
1681 2
1682 1
1691 4
1718 1
173 5
1740 1
1744 5
1749 2
1759 1
176 1
178 3
1803 1
1822 1
183 6
1840 1
1847 2
1859 1
186 3
1870 1
1917 1
1946 8
1950 3
1966 4
1972 1
1976 4
1978 1
1989 1
199 3
2001 1
2024 4
2029 1
2030 2
2042 1
2044 1
2063 5
2064 2
2070 1
2075 2
2077 2
2091 6
2092 1
2098 1
2102 3
2106 2
2107 1
212 1
214 1
2155 1
220 1
2229 2
223 1
2234 1
2240 3
2241 1
225 2
2256 2
2269 1
2271 1
2282 1
2286 1
2288 4
229 1
2292 1
2299 1
2344 1
2349 5
2352 1
2357 1
2361 1
2362 1
2367 1
2376 1
238 3
2388 1
2391 1
2469 3
2486 38
254 1
2573 1
263 1
270 2
273 1
278 1
280 2
296 1
302 4
31 1
310 1
316 3
319 3
331 6
334 1
336 1
337 1
339 5
349 1
353 1
354 13
357 1
363 3
366 1
368 1
370 3
371 1
376 3
387 6
402 1
405 6
410 3
421 1
423 1
424 1
427 2
428 1
429 2
430 1
433 10
455 2
460 3
466 1
476 2
477 1
490 1
500 3
515 1
526 3
537 1
54 7
55 5
558 1
564 1
565 3
570 1
571 1
575 6
577 1
582 1
584 3
60 9
605 1
61 9
629 2
639 2
646 1
647 1
659 1
689 2
701 1
709 3
710 1
714 1
723 2
743 4
744 1
760 1
771 2
780 1
785 1
786 1
790 2
800 6
803 1
811 2
815 1
82 1
823 2
845 16
871 1
900 2
903 5
907 1
923 2
926 1
935 1
936 1
941 1
948 2
949 3
954 5
960 1
970 1
973 2
980 1
981 2
986 3
989 2
