1001 5
1002 1
1022 3
1031 2
1042 3
1043 1
1047 2
1057 1
1069 1
1077 1
1079 1
1082 1
1102 1
1107 4
1108 1
113 2
1132 1
1135 2
1178 3
1192 1
1259 4
126 3
1272 1
1285 1
1301 1
1321 2
1330 1
1336 1
1341 4
138 4
139 1
1399 5
140 1
1403 1
1405 1
141 1
1413 1
1438 4
144 1
1457 4
1475 5
150 1
1505 1
1513 1
1570 3
1601 10
1606 2
1608 1
1620 3
1633 1
1637 1
164 3
1670 1
1679 2
1681 1
1682 2
1691 1
173 1
175 1
178 1
179 1
1806 1
1821 1
1826 1
183 2
1832 1
1847 2
186 4
1883 1
1930 1
1946 1
1948 2
1966 1
2001 2
2007 1
202 2
2024 2
2029 1
2034 1
204 2
2055 1
2063 2
2066 1
2070 1
2079 1
2085 1
2106 1
2116 1
2143 1
2190 1
2223 2
2240 3
2273 5
2277 1
229 5
2307 1
2316 3
232 1
2349 2
2352 2
2385 1
2401 1
2405 1
2411 2
2428 4
2432 4
2483 2
2484 2
2486 18
2497 1
255 2
258 1
263 3
265 1
270 1
278 2
281 2
283 1
331 7
334 1
336 1
339 1
349 1
350 1
354 3
365 5
366 1
368 1
371 4
377 3
402 1
408 3
410 3
423 1
424 2
430 1
433 5
446 1
459 2
460 3
487 1
503 1
504 2
515 1
54 5
547 1
55 5
565 4
575 3
584 2
60 5
61 5
646 2
651 2
655 1
672 2
684 1
706 13
709 1
710 1
743 17
747 2
753 2
768 2
773 1
785 1
786 1
789 5
792 3
797 1
800 2
803 1
823 2
833 1
84 1
852 1
899 1
90 3
900 4
914 1
924 2
938 3
941 1
948 2
949 2
951 1
954 1
961 2
971 1
979 2
980 1
981 2
989 1
990 6
