1001 1
1007 1
1037 2
1042 1
1048 7
106 1
1105 1
1123 1
1135 1
1143 1
1178 1
1189 5
1198 10
1224 12
1248 1
1259 4
1272 6
1273 1
1283 5
1285 2
131 1
1330 1
1333 6
1335 1
134 1
1387 6
1399 1
1407 2
1409 1
1413 3
142 5
1421 1
145 6
1455 1
147 5
1471 1
1475 21
1487 6
150 4
1519 4
153 1
1567 1
1576 3
1606 11
1620 1
1634 2
1635 1
164 4
1679 1
1683 1
1699 1
1702 1
1705 1
1716 1
173 1
1744 2
1759 1
1779 1
178 1
1806 1
1826 7
1829 1
183 1
1833 5
184 4
1840 1
1849 1
1894 1
1929 1
1946 1
1948 1
1955 4
1956 1
1971 1
1972 1
199 7
202 1
2024 32
2029 1
2030 1
204 1
2044 1
2068 1
2073 1
2113 1
2116 5
214 7
2186 1
220 1
2211 1
2229 4
223 2
2239 5
2240 4
2256 3
2265 1
2267 1
2271 5
2279 1
2284 1
229 22
2306 1
2315 1
232 1
2321 1
2340 1
2349 2
2352 2
2355 3
2383 10
243 3
2432 2
2468 7
2476 5
2486 34
2496 1
254 1
258 2
271 1
280 5
302 4
310 1
331 8
333 5
334 6
336 3
337 2
340 3
353 7
354 10
365 3
366 1
368 1
370 6
371 10
377 7
387 5
405 11
407 2
410 4
413 1
423 6
424 11
433 8
434 3
437 2
455 3
460 1
461 4
466 2
473 1
512 2
54 18
55 10
564 1
575 3
582 2
60 3
61 3
629 6
646 5
655 1
661 1
668 2
710 1
712 1
714 6
727 1
731 1
736 1
743 2
769 2
771 3
789 1
792 2
801 12
803 2
810 1
811 3
816 1
82 3
834 4
863 3
870 2
892 1
899 3
900 1
903 1
911 5
926 3
938 6
941 1
948 5
95 1
954 2
981 1
986 1
989 5
990 5
994 14
997 1
998 1
