1001 4
1013 2
1031 4
1035 1
1039 1
1042 2
1043 16
1047 3
1048 2
1056 1
1065 1
1066 1
1067 1
1069 1
1074 1
1075 1
1077 3
1078 2
1079 1
108 1
1080 4
1089 6
1096 1
1127 1
1129 4
1135 1
1143 2
1156 1
1160 1
1178 3
1209 1
1215 2
1229 1
1230 1
1237 1
1248 1
1255 2
1259 2
1270 1
1273 1
1283 2
129 1
1302 3
1306 1
1321 14
1327 1
1330 1
1340 1
1353 2
1370 17
1376 1
1393 1
1398 4
1399 3
140 1
1400 3
1403 1
1409 3
1413 9
142 3
1424 1
1432 1
1434 3
144 2
145 2
1457 1
1459 19
146 1
147 3
1475 55
1479 2
1487 5
150 3
1501 1
1504 5
1519 6
1522 2
1543 2
1563 1
1572 2
1601 3
1606 1
1633 2
1634 7
164 1
1641 3
1672 1
1678 2
1679 2
1681 2
1682 23
1686 3
1688 1
1689 1
1690 1
1711 1
1716 14
1720 1
1725 2
173 8
1745 2
1747 2
1749 1
1761 2
177 5
1779 1
178 3
1787 2
179 1
1791 2
1806 1
183 1
1833 6
184 1
1858 1
186 5
1946 3
1953 2
1955 8
1966 2
1969 1
197 6
1976 3
1978 1
1980 1
2007 40
2024 2
203 6
2030 3
2038 2
2046 3
2053 1
2055 2
2058 2
2075 1
2076 1
2107 1
2112 5
2113 1
2114 4
2116 1
2135 2
2148 2
2155 3
2202 1
2211 1
2214 3
2226 1
223 1
2234 1
2236 1
2239 3
2240 1
225 5
2267 1
228 3
229 15
2295 1
230 1
2333 1
234 1
2349 1
2356 1
2358 1
2359 1
2375 1
2377 1
238 1
2383 2
2395 1
2411 5
2412 13
2428 1
2432 1
2469 13
248 5
2483 1
2484 1
2486 53
2497 2
2498 1
255 3
258 1
261 2
263 1
264 1
270 2
271 3
273 2
278 4
280 3
281 1
285 1
291 1
30 1
301 1
302 5
307 1
310 10
331 11
333 1
334 4
336 4
337 2
339 6
349 1
353 1
354 6
363 12
365 7
366 2
368 6
370 1
371 7
377 9
382 1
387 2
396 5
399 2
402 3
405 15
408 3
410 5
423 2
424 4
428 1
430 4
434 11
435 2
449 1
455 3
459 3
460 8
466 4
469 1
474 1
487 3
494 1
504 3
512 1
515 1
538 1
55 16
558 1
564 2
565 1
570 1
575 12
581 1
584 2
60 9
600 1
61 9
615 1
622 1
629 6
646 6
647 2
655 6
661 1
663 1
676 1
684 1
704 1
708 2
709 2
710 3
715 1
730 1
743 3
747 5
760 2
770 1
780 1
785 2
786 1
789 4
790 3
792 1
800 3
801 3
804 1
811 4
816 6
817 1
82 6
823 1
834 2
84 2
844 1
863 1
87 8
870 2
882 2
893 1
899 2
900 2
902 1
903 6
905 1
907 3
911 2
914 2
923 1
926 1
928 1
941 1
948 2
949 6
954 5
963 4
970 1
971 2
979 4
986 7
989 1
990 2
