1001 1
102 2
1023 1
1047 1
1055 1
106 3
1060 1
1063 1
1077 1
1089 1
1094 2
1097 1
1105 1
1114 1
113 1
1148 1
1178 2
1189 1
12 2
1204 1
1228 1
1237 1
1259 2
1262 2
1269 1
13 2
1301 1
133 1
134 1
1354 2
1376 2
138 2
1393 1
1399 1
1400 2
1403 2
1413 1
144 2
1458 1
1475 13
148 1
1485 2
150 1
1500 1
1502 2
1578 1
1585 1
1601 1
162 1
1651 1
1670 2
1679 1
1681 1
1720 1
173 2
1747 3
178 1
1787 1
1791 2
183 1
184 1
1848 1
1849 1
1861 3
1889 1
1946 1
1948 1
1955 2
1957 1
1967 1
1972 2
1976 3
1979 1
1997 1
1999 2
2011 1
2022 1
2034 1
2051 1
2058 1
2062 1
2077 1
2092 1
2107 1
214 1
2170 1
2222 2
2228 1
2229 1
2249 3
225 2
2268 1
2273 1
2278 6
228 1
2288 4
229 1
2290 1
2291 2
230 1
2302 1
2303 1
2317 1
2330 1
2335 1
2357 1
2377 1
24 1
2415 1
2423 1
2432 1
2463 1
2486 10
2496 2
254 2
2543 1
2566 1
2577 1
258 1
265 1
2658 1
266 1
267 1
280 2
281 2
286 1
302 2
309 1
310 3
325 1
327 1
331 4
333 2
334 2
336 3
339 1
353 1
354 3
365 1
368 2
377 3
382 1
396 2
402 4
405 4
408 1
410 1
411 2
422 1
424 2
426 1
433 7
455 1
456 1
458 1
460 1
47 1
474 1
476 1
479 2
481 1
504 1
505 1
515 1
517 1
54 1
55 10
565 1
575 4
577 2
60 1
61 1
646 1
647 1
655 2
670 3
693 1
701 1
731 1
745 1
768 1
789 4
82 1
837 2
84 4
842 3
855 1
861 1
867 1
906 1
911 1
92 1
926 1
929 1
935 1
937 3
938 1
943 1
954 1
973 1
976 1
979 1
986 3
988 1
990 1
