100 1
1001 1
1027 2
1042 2
1043 23
1047 2
1048 6
1056 3
1057 1
1059 3
106 8
1074 2
1079 1
1080 1
1083 1
1106 1
1152 1
1155 5
1181 1
1185 1
1215 1
1223 8
1255 1
1259 2
1270 3
1287 1
130 3
1321 1
1330 1
1339 1
1348 3
1353 4
1372 4
1380 1
1387 2
1396 1
1399 1
1408 8
141 2
1413 2
1417 7
1443 1
1459 4
147 3
1475 8
1485 1
1491 1
150 1
151 1
1513 1
153 1
1548 1
1567 3
1571 1
1587 1
1616 1
1620 1
1629 4
1633 4
1637 1
164 1
1660 3
1670 1
1679 6
1689 2
1691 13
1705 2
1716 1
173 4
174 1
1744 1
176 4
1779 1
178 1
1787 1
1791 2
1795 2
183 6
184 5
1847 1
1859 1
1895 1
1928 1
1946 2
1948 1
1955 1
1966 8
1980 1
199 4
2029 3
2030 2
2034 7
2038 1
204 2
2055 2
2064 1
2068 2
2070 1
2072 1
2075 9
2076 1
2077 4
2092 2
2106 4
2107 5
2113 1
2116 1
212 1
2130 2
214 3
2144 1
2155 6
2157 1
2172 1
219 1
2211 1
2229 1
2234 2
2239 4
2240 9
225 3
2256 4
2271 2
228 1
2285 1
2288 14
229 3
2309 1
2323 1
2340 1
2344 9
2349 8
2352 1
2359 3
2361 1
2367 2
2375 1
2377 1
238 5
2388 6
2402 1
2412 1
2432 1
2434 1
2467 3
2469 1
2486 34
2498 3
254 1
255 3
258 1
273 1
277 2
278 1
281 1
291 3
303 2
310 2
313 8
316 2
319 10
331 5
334 1
336 2
339 5
349 2
353 1
354 8
363 1
365 7
366 4
370 5
371 2
380 1
385 2
387 3
396 4
399 1
402 5
405 2
410 3
422 1
423 1
427 1
430 2
433 2
434 1
449 2
455 5
459 7
460 4
476 1
487 1
504 3
510 1
52 1
526 3
54 5
55 14
558 1
571 4
575 14
577 1
582 3
584 7
60 5
605 1
61 5
62 1
629 3
63 1
630 1
646 2
651 1
710 1
737 8
745 1
747 3
769 1
785 1
789 1
792 1
800 10
803 2
810 1
82 1
833 1
845 2
863 1
87 2
870 1
871 2
903 5
924 1
926 3
927 1
938 1
941 2
948 5
949 5
954 4
960 1
966 2
973 1
979 6
981 1
986 10
987 1
990 2
991 1
993 1
995 2
