1002 1
1035 2
1043 1
1048 3
1074 2
1082 1
1096 1
1111 1
1124 1
113 2
1135 1
1152 1
1178 2
118 1
121 1
1213 1
1218 3
1224 1
1251 1
1259 1
1271 1
1273 1
1289 1
1321 7
1330 2
1333 1
1340 4
1357 1
1369 1
1370 3
140 2
1413 1
1434 5
144 6
1459 1
1461 1
147 1
1475 8
1482 1
1485 3
150 1
1506 1
1507 1
1512 1
1540 1
1571 3
1572 1
1639 1
1681 2
1688 1
1689 1
1711 1
173 3
1787 2
1820 1
184 1
1849 3
1895 2
1905 1
1921 1
1945 2
1946 3
1956 4
196 1
1964 1
1972 1
1976 1
1978 1
1996 2
1998 1
2030 1
2035 4
2042 1
2053 1
2072 3
2077 2
2093 4
2135 1
2145 3
2186 4
220 1
2223 2
2239 1
2249 6
2262 1
2269 3
2278 3
228 2
2281 1
2288 1
229 2
2299 3
230 3
2316 1
2347 2
2349 1
2361 2
239 1
2405 1
2412 1
2415 1
2423 2
2425 1
2427 1
2486 26
264 1
265 1
273 1
281 1
286 4
302 1
319 1
331 1
334 2
336 2
337 1
339 4
342 3
349 1
353 1
354 2
366 1
367 1
368 5
369 1
370 2
377 4
387 4
399 2
405 1
410 1
421 1
422 2
424 3
427 1
428 2
430 4
433 1
434 1
435 1
453 1
459 2
460 3
466 4
481 1
488 1
512 5
515 2
516 1
545 1
55 6
564 1
565 2
575 3
577 2
60 1
600 2
605 1
61 1
651 1
665 1
682 1
709 1
710 2
723 1
731 3
785 1
786 1
787 1
800 1
801 4
802 1
811 1
82 1
823 3
847 1
849 1
863 1
870 1
888 1
903 2
911 1
919 4
923 9
941 2
946 3
948 1
949 2
954 3
966 1
969 1
976 1
978 1
981 1
986 3
989 1
997 2
998 1
