1001 3
1024 1
1031 2
1034 1
1037 1
1042 2
1043 3
1048 2
1057 1
106 2
1067 3
1069 1
1070 1
1073 1
1074 1
1077 2
1079 2
1094 2
1096 1
1097 3
1111 2
1126 1
1143 2
1145 1
1155 1
1178 8
1192 1
1207 1
1211 1
1239 2
1272 1
1273 2
1274 3
1297 2
1301 2
1305 1
1321 1
1330 1
134 1
1340 6
1348 1
1353 2
1370 1
138 1
1383 1
1387 1
139 2
1393 1
1395 1
1399 3
140 3
1409 1
141 4
1413 1
1424 1
1434 1
145 3
146 2
1470 3
1471 1
1475 13
1485 2
1487 1
1513 3
1532 1
1564 3
1567 1
1569 1
1571 1
1572 2
1576 1
1588 1
1608 2
1611 1
1613 1
1620 11
1621 1
1633 2
1634 2
1635 1
164 1
1656 1
1670 12
1678 1
1679 2
1680 1
1681 1
1689 3
1691 1
1702 2
1716 1
172 1
1726 1
173 5
1740 2
1744 1
1747 26
175 1
1759 1
1760 2
1761 2
1770 1
1773 1
1787 2
1791 1
1808 1
1825 4
1826 9
183 4
1833 5
184 1
1849 1
1856 1
186 1
1929 1
1930 2
194 4
1946 1
1955 1
1966 2
1972 1
1976 2
1978 2
1995 3
2007 1
2010 1
202 1
2024 6
2038 4
2039 1
2055 2
2058 1
2063 4
2069 1
2076 3
2077 1
2091 1
2093 2
2101 27
2107 2
2110 10
2116 1
212 1
2143 1
2155 2
2173 1
2181 1
2186 16
2190 1
2204 1
2211 1
2226 3
223 1
2230 2
2234 5
2237 1
2239 1
2240 4
2271 1
2282 1
2288 1
229 3
2292 1
2315 1
232 1
2349 6
236 1
2361 3
2369 2
2377 2
2379 1
2388 2
239 2
2391 1
2394 2
2401 1
2468 1
2473 1
2486 51
2497 2
251 2
254 1
255 1
256 1
258 4
261 1
264 1
265 2
266 1
268 1
270 2
272 1
273 1
281 2
284 1
301 2
303 1
309 1
319 2
331 3
333 1
334 3
336 1
337 2
339 6
349 3
353 1
354 4
357 1
363 1
365 3
366 1
368 3
370 1
377 5
382 1
405 3
410 7
423 2
424 2
428 3
430 1
433 31
446 1
448 1
455 2
459 3
460 7
465 1
472 1
487 2
490 1
493 3
503 6
524 1
54 9
55 10
558 1
564 1
565 4
570 1
571 2
575 4
579 4
580 2
584 1
585 1
598 1
60 1
600 2
61 1
611 2
613 2
622 3
639 8
646 4
651 1
655 2
672 1
709 1
710 1
730 1
736 1
743 25
747 5
749 1
760 1
767 1
771 1
780 2
786 6
789 4
792 1
796 1
800 5
802 33
803 5
804 1
808 1
823 2
863 1
870 1
877 1
892 3
900 24
902 1
903 1
907 1
914 1
926 1
941 1
948 5
949 3
951 8
954 1
960 3
961 20
966 1
970 1
979 3
986 2
990 15
997 1
