1001 4
1031 1
1047 2
1048 1
1067 3
1068 1
1077 2
1096 1
1132 1
1142 3
1145 1
1178 2
1239 3
1274 2
1353 1
138 1
139 1
140 1
1403 1
1413 1
145 1
1457 2
1475 7
1571 3
1596 2
1620 4
1633 1
1634 3
164 1
1670 4
1682 1
1689 3
1691 1
1728 2
173 1
1744 1
1745 1
1747 5
175 3
1757 1
1770 1
1778 1
1825 1
1826 1
183 1
1878 1
1908 1
194 1
1956 2
1966 1
1972 2
1989 1
1994 1
2007 1
2010 1
202 3
2024 4
2030 1
2038 1
204 1
2053 1
2058 2
2069 4
2076 2
208 1
2101 7
2107 1
2110 3
2186 2
2200 1
2240 1
2271 1
229 2
2299 2
230 2
2315 4
234 1
2352 1
236 1
2375 1
2428 2
2432 1
2460 2
2486 13
258 1
264 1
272 1
280 2
286 1
331 3
334 3
336 1
339 2
354 1
357 1
365 2
368 1
377 2
405 1
410 3
423 1
424 1
428 1
433 7
438 1
455 2
459 1
473 2
503 3
504 2
54 1
55 3
564 2
565 1
575 1
613 1
639 1
646 1
651 1
655 2
661 2
682 1
743 7
747 1
757 1
771 1
785 1
786 1
789 1
792 1
802 5
804 2
82 2
900 10
907 2
926 2
941 2
948 1
95 1
951 1
961 2
966 2
990 7
