1001 3
1042 3
1043 6
1047 1
1055 1
1063 2
1068 1
1077 1
1079 1
1089 8
1096 1
1111 5
1121 1
1127 4
1143 1
116 1
1178 3
1187 1
1192 1
1214 2
123 1
1255 1
1259 11
1273 5
1296 2
1321 15
1330 1
1370 5
1372 1
139 1
1398 5
1413 2
142 1
1426 1
1434 1
145 1
1457 1
1459 9
147 1
1475 16
1485 1
1487 1
150 1
1502 1
1503 1
1519 2
1522 1
1528 1
1540 1
1571 3
1572 1
158 1
1633 3
1634 5
1635 1
1641 3
166 1
1672 1
1680 1
1682 6
1689 1
1716 4
173 3
1740 5
1744 1
1757 1
1759 1
177 1
178 4
179 2
183 2
1833 1
1840 3
186 2
1864 1
1895 1
1946 1
1955 1
1966 2
197 1
1972 2
1979 1
2006 1
2007 12
202 1
203 1
2030 1
2046 1
2055 1
2058 1
2091 1
2093 1
2113 1
2116 4
2128 1
2148 4
215 1
2155 4
2156 1
2214 2
2222 2
2235 1
2272 2
228 1
229 11
2295 1
2373 3
2377 2
2395 2
2412 8
2432 1
2469 7
2486 29
253 1
263 3
271 1
278 1
280 5
281 6
284 1
310 5
331 5
334 3
339 6
354 3
363 14
365 2
368 1
371 4
377 2
380 1
387 1
399 1
402 2
405 4
410 1
424 1
425 1
430 1
437 1
460 4
466 1
490 1
512 1
55 8
558 2
565 3
570 1
584 2
588 1
60 4
600 2
605 1
61 4
613 1
619 1
629 1
646 3
655 4
682 3
709 2
710 1
725 1
743 3
780 1
789 7
800 3
801 1
811 1
82 2
823 1
870 3
893 1
899 3
903 2
915 1
938 4
954 2
963 14
979 1
990 2
