1001 1
1031 4
1037 3
1042 2
1043 4
1046 1
1048 4
1051 1
1057 4
106 1
1065 1
1067 2
1074 1
1077 1
1079 3
1094 1
1096 4
1097 4
1111 1
1123 1
1125 1
1142 1
1145 1
1178 8
1185 2
1188 1
1189 1
1190 2
1198 1
1211 3
1216 1
122 1
1224 2
1248 2
1255 3
1259 2
126 9
1272 1
1273 3
128 1
1327 1
1330 4
1340 2
1353 1
1370 1
138 13
1380 1
1383 1
1389 1
1399 19
1405 1
1413 2
1415 1
1428 1
1439 1
144 1
1450 2
1457 3
1471 3
1475 27
1485 5
1500 1
1513 1
1521 1
1522 2
1524 2
1528 1
1540 2
1541 1
1567 3
1570 6
1572 1
1601 1
1620 11
1634 6
1635 1
164 4
1642 1
1656 2
1670 1
1679 3
1681 4
1683 1
1686 1
1687 1
1689 1
1699 1
1705 1
1716 5
1720 1
1741 1
1744 1
1749 6
1759 3
1760 1
1779 1
178 3
1825 1
1826 2
183 1
1832 3
1839 1
184 2
1845 1
1847 2
186 2
1868 1
1900 1
1928 1
1930 1
194 1
1946 2
1958 1
1960 1
1961 1
1966 1
1972 3
1976 2
1978 3
1995 2
1996 1
1998 1
2007 2
201 1
202 7
2024 5
2029 2
2030 4
2034 1
2037 1
2038 2
204 2
2044 1
2055 1
2056 1
2059 1
2061 1
2063 1
2064 1
2066 1
2076 1
2079 1
208 1
2085 3
2087 1
209 1
2091 2
2093 1
2096 4
2107 1
2108 1
2110 1
2113 1
2116 2
212 6
214 2
2148 1
2161 1
2169 1
2173 1
2181 1
2186 2
2192 2
222 2
223 6
2234 1
2237 1
2240 4
2256 5
2269 1
2277 3
2305 1
2315 1
2316 1
232 1
2323 1
2349 3
2352 3
2377 1
2388 1
2389 1
2401 1
2428 3
2432 4
2468 1
2471 2
2486 43
2497 2
254 2
255 1
258 1
261 1
265 1
270 5
272 2
273 1
278 5
280 1
281 2
284 2
291 2
302 8
307 1
310 1
331 7
336 1
337 4
339 5
340 2
344 4
349 2
350 1
354 9
363 6
366 2
368 1
370 1
376 1
377 1
395 1
397 1
405 3
410 5
428 2
433 1
434 1
455 3
459 2
460 5
461 1
472 1
473 1
474 1
502 1
503 1
515 2
521 1
524 1
526 3
54 9
55 12
558 1
564 2
565 13
575 23
588 1
595 4
597 2
60 13
600 2
61 13
611 1
617 1
622 1
624 1
639 6
646 2
651 1
655 2
661 4
706 15
709 1
743 45
745 1
747 3
749 1
762 1
780 1
789 1
790 2
791 1
792 3
800 4
801 1
803 2
804 2
811 1
82 1
823 2
825 3
870 1
894 1
896 1
899 1
900 12
902 3
903 6
915 1
926 2
938 5
941 2
948 6
949 2
95 1
952 1
954 1
96 1
960 1
961 1
979 3
986 6
988 1
989 1
990 2
