1023 3
1035 2
1042 1
1043 2
1048 3
1055 2
1067 1
1077 2
1082 1
1094 2
1097 1
1102 2
1103 1
1178 2
118 2
1189 11
1190 1
1198 1
1211 1
1214 6
1224 2
125 2
126 2
1269 3
1270 1
1273 4
1274 2
1321 9
1353 2
138 1
139 2
1399 3
1400 1
1401 1
1403 2
1413 2
1417 1
145 2
1459 2
147 6
1475 21
1487 2
1513 4
1522 1
1550 1
1566 2
1572 2
1633 2
1635 1
164 1
1650 1
1679 2
1681 1
1682 2
1687 1
1689 1
173 1
1741 1
175 1
1761 1
1779 1
178 1
1787 1
183 5
184 3
1845 1
1849 6
1922 2
1929 4
1946 9
1948 2
1949 1
1955 1
1966 2
1967 1
1969 2
1976 2
1979 1
1988 1
1994 1
2024 1
2030 1
2055 2
2068 4
2077 2
208 2
2085 2
2103 8
212 1
214 3
2181 1
2186 16
2192 1
2199 4
2204 1
222 1
223 1
2234 2
2235 1
2240 3
225 1
2256 1
2265 1
2273 1
2288 6
229 1
2290 2
2295 1
230 1
2315 1
2317 1
2340 2
2355 2
2359 1
2373 2
2377 3
238 1
2385 1
239 1
2412 1
2428 1
2468 1
247 1
2471 1
2478 1
2479 1
248 1
2486 28
254 1
255 1
256 1
258 1
264 2
265 1
272 1
281 1
284 1
285 1
297 2
316 8
331 3
334 1
336 1
337 2
354 11
365 4
366 2
368 1
369 1
371 1
377 1
382 1
383 1
395 3
396 1
405 11
407 5
410 2
424 2
428 3
433 8
435 1
437 1
440 1
455 1
460 2
472 1
474 1
490 1
512 4
515 3
526 1
55 9
558 1
564 20
565 2
575 10
60 2
61 2
622 1
646 2
667 1
682 3
709 1
710 1
747 1
771 3
786 2
789 7
790 1
795 1
798 2
800 2
801 3
803 1
825 2
870 2
882 2
893 1
899 2
902 2
915 2
923 3
926 1
928 1
938 1
941 3
949 3
954 3
955 1
966 1
978 7
986 2
990 5
991 1
