1018 1
1026 1
1035 1
1042 1
1043 1
1074 1
1089 2
1095 1
1102 2
111 1
1120 1
1132 1
1178 3
1189 1
1224 2
1230 1
1248 1
126 1
133 1
138 2
1393 1
1400 1
141 1
1411 2
1459 2
1491 1
1496 1
1550 3
1572 1
1601 1
1620 1
1634 1
1642 1
1645 1
1682 1
1691 2
1705 1
173 1
1732 1
1744 1
1747 1
1775 1
1779 1
178 2
183 2
1832 2
1849 3
1880 1
1922 1
1927 1
1946 1
1966 1
1976 2
1989 1
2003 1
2030 1
204 1
2043 1
2107 1
2115 1
2130 1
2223 1
223 3
2240 3
2277 1
228 1
229 1
2332 2
2349 2
2369 1
239 1
2403 1
2432 1
2468 2
247 2
2486 10
256 1
261 1
271 1
272 1
334 1
339 2
354 4
382 2
405 2
407 1
408 1
410 1
428 3
430 1
433 2
455 1
460 2
466 3
515 2
54 2
55 2
565 2
575 4
580 1
639 2
710 1
731 1
743 3
744 1
747 1
800 1
804 1
808 1
885 1
900 2
907 2
914 1
919 1
923 2
948 2
954 2
981 1
986 2
