1001 3
1007 5
1027 1
1037 1
1042 2
1043 11
1047 5
1048 9
1055 1
1057 1
106 1
1064 1
1068 1
1074 1
1079 3
1089 2
1094 3
1102 3
1111 1
1127 5
113 1
1155 2
1173 2
1174 4
1178 13
1185 2
1189 1
1190 3
1214 1
1216 1
1243 1
126 1
1271 1
1273 1
1274 4
1285 1
1286 3
1321 1
1328 2
1330 1
1340 1
1341 2
1350 19
1373 1
1376 2
1383 2
139 1
1393 3
1394 1
1395 1
1399 3
140 1
1409 3
1413 3
1417 2
142 3
1426 7
144 1
145 4
146 1
147 4
1471 1
1475 24
1478 1
1484 1
1485 4
1487 4
150 2
1513 1
1519 1
1544 1
155 4
1567 4
1571 1
1572 2
1608 1
1613 1
1620 9
1630 1
1633 1
1637 1
164 1
1645 1
165 1
1665 1
1672 6
1679 3
1686 1
1687 1
1689 1
1691 5
1705 4
1709 1
172 1
1734 1
1742 1
1744 2
1759 1
1779 1
178 1
1787 2
1809 2
1811 1
1823 1
183 1
1832 2
184 2
1840 2
1849 4
1858 2
1864 11
1869 2
1882 3
1883 1
1889 1
1895 4
1899 1
1900 1
1905 1
1909 3
1922 2
1927 2
1928 1
1946 6
1955 3
1957 4
1966 3
1976 3
1979 1
1989 1
2006 6
201 1
202 1
2024 1
2030 3
204 1
2042 1
2055 1
2058 7
2059 1
2063 4
2065 1
2066 4
2068 2
208 1
209 1
2093 1
2107 2
2108 1
2116 1
212 1
2124 1
2133 2
2135 1
2157 5
218 1
2186 4
220 1
2200 2
2215 1
2222 1
2232 1
2234 3
2239 3
2243 1
2245 3
2249 9
225 6
2256 1
2261 6
2271 1
228 9
2280 1
2288 1
229 11
2290 7
2302 1
2310 11
2315 1
2316 2
2317 1
233 1
2335 2
234 1
2343 1
2349 20
2360 4
2361 1
2362 4
2367 1
2369 2
2370 6
2373 4
238 3
239 3
2393 4
2398 4
2432 2
2448 7
2457 19
2463 19
2480 2
2483 1
2484 1
2486 44
2497 1
2518 2
255 2
258 7
2595 1
2603 1
2604 1
265 1
266 2
270 6
271 2
272 4
278 6
280 3
281 2
283 1
294 1
307 1
310 1
331 11
333 1
334 8
336 3
342 1
353 4
354 6
365 6
366 2
368 2
371 3
377 1
380 1
382 6
393 2
395 4
405 1
410 5
424 5
427 2
428 1
433 19
434 1
455 5
459 2
460 3
466 9
472 1
487 12
488 2
496 3
502 2
512 1
524 2
526 7
535 1
54 3
55 12
558 1
565 2
575 2
584 1
60 3
605 3
61 3
613 1
622 1
629 4
646 3
647 4
650 1
655 3
659 1
709 1
725 1
736 1
741 1
743 1
753 1
771 1
773 1
785 1
789 3
800 1
801 1
803 1
819 3
845 1
87 1
892 1
896 1
900 1
902 1
903 1
907 1
911 1
914 5
915 4
919 1
924 1
926 3
938 2
939 2
941 1
949 6
95 2
954 5
966 1
97 4
976 4
979 1
981 1
986 2
990 8
