1022 1
1031 3
1037 2
1042 4
1043 3
1047 2
1048 3
1057 1
1059 1
1061 1
1074 3
1079 2
1080 1
1089 1
1094 2
113 2
1143 2
1169 1
1181 3
1185 1
1211 5
1239 1
1248 1
1259 1
1273 1
1300 1
1302 1
1306 1
1321 1
1353 4
1370 1
1380 3
139 2
1399 1
1403 5
1405 1
1409 1
1413 1
1450 1
146 2
147 1
1471 1
1475 11
1512 1
1522 2
1567 2
1570 2
1571 2
1592 2
1620 6
1633 2
1634 2
1635 1
164 1
1686 2
1690 1
1705 1
1716 1
1726 1
173 2
1741 3
1744 2
1745 2
1747 5
1749 2
1825 1
183 1
1847 1
1883 1
1895 1
1909 3
1918 1
1930 2
1946 5
1953 1
1956 1
1966 2
1967 1
1978 1
1988 1
1989 2
1995 1
1998 1
2024 7
2029 1
2030 2
2034 1
2053 2
2064 1
2066 2
2079 1
2092 1
2101 10
2107 1
2108 2
2123 2
2135 1
2139 1
214 1
2153 3
2155 9
218 1
2181 1
2202 3
223 1
2232 1
2234 1
2240 2
2246 1
2249 1
2256 2
2271 7
2273 1
2290 1
2295 1
2299 2
2306 1
2349 1
2361 1
2367 1
2379 13
239 1
2391 1
2415 1
2431 2
2486 22
254 1
258 1
263 1
270 1
272 1
273 1
278 2
280 1
281 1
291 1
295 2
312 1
314 1
316 2
331 6
336 2
339 6
349 1
354 5
366 4
371 2
402 1
405 1
410 1
428 1
433 10
439 1
440 1
446 2
459 3
460 3
474 1
488 4
512 4
515 1
54 6
55 6
558 1
575 1
582 1
584 1
591 2
60 1
600 2
61 1
622 1
646 3
684 1
710 1
720 6
743 10
747 1
752 1
771 4
780 1
786 1
789 4
790 1
792 2
800 3
802 3
82 2
863 1
870 2
877 1
887 1
899 3
900 8
903 7
907 3
911 4
923 1
948 5
949 1
95 2
954 2
981 2
986 1
997 1
