1000 2
1035 1
1037 1
1043 3
1079 1
1155 3
1248 4
1255 2
1330 1
1353 3
1370 2
139 1
140 1
1407 1
1413 3
144 1
1459 4
147 2
1475 10
1485 1
150 2
153 1
1571 1
1606 1
1633 1
1635 1
164 2
1672 1
1681 2
1682 1
1691 4
1716 2
1749 2
177 2
1779 4
1786 3
1795 1
1905 1
1946 4
1966 1
2007 1
2029 1
2044 3
2053 1
2072 1
2092 1
2106 1
2107 1
2118 1
214 2
2239 1
2240 1
2268 1
2273 2
2279 1
228 3
2323 1
233 1
2367 2
2383 1
2388 1
2394 1
2405 2
2412 3
2432 2
2469 2
2486 9
258 2
281 1
284 1
310 2
319 2
331 3
336 2
353 3
354 7
363 2
368 4
370 3
371 2
387 2
405 2
410 2
433 6
449 3
54 3
55 3
564 3
571 2
582 3
60 4
61 4
629 1
651 1
655 1
710 1
729 2
736 1
745 1
747 3
773 1
779 3
82 1
903 6
938 2
979 1
981 1
986 2
997 2
