1031 1
1033 1
1055 1
1057 1
1064 1
1070 1
1076 1
1082 3
1094 1
1155 2
1178 1
1215 1
1224 1
1226 2
123 1
1255 1
1256 5
1272 1
1273 4
1294 4
1360 2
1370 3
1399 1
140 1
1403 2
141 1
1417 3
1421 1
144 11
1475 11
1485 1
1512 1
1522 1
1571 1
1608 1
1611 1
1633 2
1634 1
1635 1
1660 1
1688 1
1706 1
1759 3
1761 1
178 1
179 1
1822 1
183 1
184 5
1841 1
1849 1
1861 3
1876 1
1888 2
1903 1
1955 1
1960 1
1966 2
1972 1
1980 1
1994 2
1996 2
1998 1
2007 1
2013 1
2014 1
2024 1
204 3
2042 4
2059 2
2078 1
2079 1
2091 1
2093 2
2107 4
2116 1
212 1
2122 2
214 1
2145 1
2179 1
2181 2
2192 2
225 1
2271 1
228 2
229 1
2300 1
2304 1
2335 4
2370 1
2373 3
2393 1
2413 1
2416 1
248 1
2486 17
2496 1
2497 1
2498 1
261 1
264 1
278 1
280 1
281 2
286 1
291 1
295 1
299 1
302 1
331 3
336 5
337 1
339 5
353 1
354 1
363 2
370 1
379 1
396 1
402 5
405 3
423 1
428 1
430 2
433 2
434 2
453 1
457 1
460 6
476 1
487 1
490 1
512 5
55 6
555 2
575 4
584 1
60 5
61 5
611 2
639 1
647 2
660 2
668 4
677 4
697 2
719 1
723 3
731 10
740 1
747 1
753 1
757 1
785 1
791 2
800 2
801 5
811 6
823 1
834 1
84 2
870 1
888 3
938 1
951 1
954 2
973 1
979 4
981 1
986 4
