1001 2
1007 1
1020 1
1026 1
1035 1
1042 1
1047 1
1048 2
1064 2
1077 1
1089 1
1096 1
1105 1
1123 1
113 2
114 1
1178 3
1183 1
119 4
1200 1
1255 3
1256 2
1273 2
1275 4
1276 1
1283 1
1321 1
1330 1
1370 2
1372 3
139 1
1409 1
1413 1
1434 2
1438 1
144 3
145 1
147 6
1470 1
1475 8
1485 1
1487 4
150 2
1506 4
1528 1
1563 1
1571 3
1572 1
1590 1
1592 1
1601 1
1604 1
1633 5
1635 2
1650 1
1679 3
1681 1
1682 1
1688 2
1689 1
1690 1
1696 1
1705 1
1716 1
1724 1
173 3
1744 1
1787 1
1811 2
183 1
1833 5
184 2
1843 1
1845 1
1861 1
1863 1
1871 1
1876 12
1894 5
1895 2
1901 1
1909 1
1946 1
1955 3
1959 1
1966 1
1969 1
1970 3
1979 3
1988 1
2024 3
2030 1
2043 12
2072 1
2093 3
2107 4
2145 2
2155 1
2192 1
2215 2
2225 1
2226 1
2234 2
224 1
225 2
2276 1
228 1
2281 2
229 9
2299 1
2323 1
2349 1
2353 1
2361 1
2367 1
2432 1
246 2
248 1
2486 22
266 2
278 1
280 5
284 1
306 1
310 5
327 3
331 10
334 2
336 2
337 1
339 2
342 1
349 3
350 1
354 8
363 2
364 3
370 5
371 1
377 6
380 2
384 1
387 1
396 1
402 1
405 5
410 1
422 4
425 1
428 1
430 1
434 3
459 1
460 7
461 1
466 1
484 4
490 1
512 3
542 1
55 10
564 2
565 1
575 2
587 1
60 5
61 5
634 3
683 1
693 2
701 1
710 3
731 3
742 3
745 5
782 1
784 3
786 1
789 1
800 3
801 5
804 1
807 2
811 1
82 2
820 1
825 2
84 2
854 3
903 3
906 1
911 1
92 1
93 1
938 3
947 1
948 1
949 3
954 3
975 1
979 3
986 2
