1003 2
1076 1
1099 1
1111 2
1112 6
1156 1
1200 4
1248 1
1272 1
1283 1
1289 2
1299 7
1303 4
1357 1
139 1
1399 2
1434 1
144 1
1475 6
1485 2
1487 1
1506 1
1513 1
156 2
1633 1
164 1
173 1
1761 1
1779 1
1782 1
1787 1
1796 1
1805 1
1811 1
183 1
1831 1
1840 2
1864 1
1866 3
1905 1
1945 1
1953 1
1957 1
1966 1
1970 1
202 6
204 1
2107 1
2145 6
2153 1
2187 2
2197 1
223 1
2236 1
2242 1
2277 2
2278 2
228 1
2288 1
229 3
230 1
2309 2
2347 1
2370 2
2379 1
2415 2
244 1
2446 1
2483 1
2484 1
2486 15
2487 1
2649 1
2652 1
278 1
280 3
307 1
309 1
310 1
331 3
333 2
334 1
337 1
354 4
371 4
377 1
384 2
402 2
405 1
406 1
410 1
424 2
433 1
439 1
460 1
515 1
55 5
574 1
575 2
663 2
683 1
693 1
694 1
699 1
731 1
742 3
779 1
828 1
829 1
84 1
923 1
924 1
925 1
948 7
949 1
954 2
96 1
979 3
986 1
994 1
