1001 1
1043 1
1059 1
1063 1
1096 1
1097 1
1204 1
1255 2
1261 1
1262 1
1274 1
1321 1
1393 1
1399 1
141 1
1429 1
1434 1
144 1
146 1
147 2
1475 6
1487 1
1496 1
1513 1
1540 1
1572 1
1611 1
1633 1
1635 1
164 1
1676 1
1716 1
173 1
1760 1
1788 1
1811 1
1820 1
183 3
184 1
186 1
1922 2
1946 1
1966 1
1976 1
1978 1
1990 1
2030 1
204 1
2042 1
2043 1
2044 1
2075 1
2130 1
2155 2
2156 1
2239 1
2288 1
229 3
2335 1
2349 1
2388 1
2392 1
2409 1
2441 1
2483 1
2484 1
2486 5
2590 1
264 1
280 1
282 1
302 1
306 1
319 1
331 1
333 1
334 1
336 1
354 3
363 1
395 1
396 1
402 1
405 3
428 1
430 1
433 4
447 1
459 1
460 4
55 2
558 1
565 1
575 2
577 1
585 1
597 1
610 1
723 1
785 1
789 1
800 4
811 1
85 1
856 1
923 1
948 1
949 1
954 3
967 1
979 1
981 1
995 1
