10 1
1031 10
1037 3
1042 1
1043 9
1048 5
1055 1
1076 2
1077 1
1079 2
1089 1
1094 2
1102 1
1115 1
1123 1
1135 1
1142 1
1155 2
1178 3
1183 1
1185 2
1195 8
12 1
1211 1
1224 2
1233 1
1243 3
1248 1
1255 1
1274 1
130 1
1340 1
1348 1
1353 2
1363 1
1370 1
1376 1
1380 5
139 2
140 1
1403 12
1413 3
1415 1
1429 1
1438 2
144 4
1446 1
147 1
1471 1
1475 17
1485 2
1505 1
1513 1
1519 1
1522 2
1563 2
1567 1
1570 1
1572 4
1620 6
1633 2
164 1
1679 5
1683 1
1688 5
1689 2
1690 1
1691 7
172 1
173 1
1740 1
1741 5
1744 3
1745 9
1747 12
1750 1
1763 1
177 1
1773 1
1778 1
178 2
1809 1
183 1
1832 1
184 1
1847 6
1883 1
1900 1
1906 1
1909 5
1918 1
1930 1
1946 5
1953 6
1956 4
1966 5
1968 1
1972 2
1978 2
1979 1
1989 2
1995 1
202 1
2024 10
2026 1
2029 2
2030 2
2038 1
2063 2
2091 1
2093 1
2101 8
2108 1
212 1
2120 1
2139 1
2148 1
2153 10
2155 2
2156 1
2157 7
2163 1
2192 1
220 1
223 1
2234 1
2249 6
225 5
2256 4
2271 1
2290 2
2291 1
2296 2
2299 2
2347 3
2361 1
2379 14
238 1
2409 1
2415 1
2432 2
2483 4
2484 3
2486 35
2487 8
254 2
2541 2
2547 1
2556 1
2559 1
2563 1
2579 2
258 2
2587 1
2588 1
2591 1
2594 1
261 1
2632 1
2643 1
2647 1
2653 1
270 3
280 20
281 1
291 1
295 2
301 1
309 2
310 1
316 4
331 11
336 4
339 5
340 3
342 2
348 1
349 2
350 1
354 2
36 1
366 2
367 1
370 1
371 8
380 1
387 3
396 1
399 2
4 1
405 5
408 2
41 1
410 4
43 1
433 17
434 2
459 4
460 3
465 1
466 5
473 2
474 4
502 1
512 1
54 13
55 7
564 3
60 9
600 2
61 9
616 1
624 1
628 5
629 1
634 1
639 4
646 4
651 1
655 2
669 1
710 1
712 1
720 8
721 1
747 4
749 1
771 2
780 1
785 1
789 5
790 1
796 6
8 1
800 1
803 1
810 1
816 2
823 1
837 1
882 1
899 5
900 6
903 3
907 12
923 4
929 1
938 5
941 1
948 1
949 3
95 1
954 4
966 1
970 1
979 3
981 3
986 5
997 2
