1001 1
1031 1
1035 1
1037 1
1042 4
1043 5
1047 6
1048 3
1055 1
1063 2
1064 1
1067 2
1068 3
1074 1
1077 4
1079 5
1089 2
1094 1
1096 2
1107 16
1120 1
1128 15
1133 1
1145 2
1178 3
1207 1
1224 1
1248 1
1255 2
1259 1
1262 1
1272 1
1273 4
1274 1
1299 1
1302 1
1321 4
1341 2
1353 1
138 1
1395 4
1396 1
140 4
1405 1
1409 2
141 2
1413 4
1417 5
142 2
1434 1
144 1
1443 1
145 3
1450 1
1459 7
146 2
147 10
1475 18
1485 1
1486 2
1487 1
1492 1
1496 2
150 2
151 1
1513 2
1544 2
1564 3
1567 1
1571 1
1572 2
1608 1
1633 3
1634 4
1636 2
1670 7
1672 1
1679 4
1681 1
1688 1
1689 2
1705 1
1720 1
173 2
1740 1
1744 2
1749 2
175 2
1760 2
1775 1
178 1
183 4
1839 2
184 4
1845 1
1847 1
189 1
1892 3
1895 1
1922 8
1924 1
1946 9
1966 4
1972 3
1978 1
1979 3
199 1
1997 1
2014 1
2024 3
2029 1
2030 2
2034 1
204 2
2043 2
2044 4
2046 1
2047 1
2055 2
2075 9
2076 1
2106 2
2111 1
2116 2
212 4
2130 1
2135 1
214 2
2155 2
2181 2
2192 2
2204 1
2225 1
2229 2
2234 1
2239 3
225 7
2256 3
2271 1
2288 7
229 6
2299 1
2300 1
2309 4
2316 1
232 1
233 1
2349 4
2352 1
2361 2
2367 1
2374 1
2375 1
238 2
2381 15
2383 1
239 1
2394 1
2398 2
2412 7
2431 2
2467 1
2483 1
2484 1
2486 41
253 1
254 1
255 6
258 3
263 1
265 1
278 2
285 1
301 1
302 1
310 2
319 9
331 4
333 1
334 2
336 9
339 2
342 2
349 3
354 16
363 5
365 1
366 1
368 1
370 2
371 4
377 1
387 6
396 8
399 2
402 2
405 5
410 1
423 2
424 2
428 4
430 2
433 14
436 1
455 2
460 5
476 1
488 1
490 1
494 2
502 1
512 5
515 1
54 6
542 1
545 1
55 14
558 2
560 1
564 4
565 1
575 8
577 7
582 1
584 2
588 1
590 1
60 3
61 3
628 1
629 1
630 2
634 1
639 1
651 1
655 1
660 1
661 1
665 1
676 1
679 1
701 4
710 2
731 8
743 1
745 1
747 4
754 2
764 2
769 2
771 4
786 1
787 1
789 4
800 4
801 5
803 2
804 1
812 1
814 2
823 2
863 2
870 2
903 4
909 2
923 3
924 1
928 1
935 2
941 3
948 6
949 4
954 9
960 2
963 1
966 1
970 1
979 1
981 1
986 5
989 1
990 2
995 1
