1001 13
1029 1
1035 2
1037 2
1042 1
1046 1
1048 2
1057 3
106 1
1064 1
1079 2
1089 2
1102 1
1105 4
1142 1
1155 1
1224 1
1230 1
1259 1
1272 2
1273 1
1276 1
1295 1
1302 1
1335 2
1370 1
1378 1
1398 1
1399 1
1403 1
1409 2
1417 6
1420 5
1421 2
1436 1
145 1
147 10
1475 15
1485 2
149 1
1564 1
157 1
1571 1
1572 1
1601 1
1624 2
1633 2
1634 1
1679 1
1688 1
1689 1
1690 2
1701 1
1713 2
1716 1
173 1
1826 1
183 1
1840 1
1841 1
1849 1
1874 5
1876 2
1878 1
1899 1
1909 1
1923 2
1946 2
1954 1
1955 1
1956 1
1960 1
1969 1
1976 2
1993 1
1997 2
2010 1
202 3
2024 3
2030 2
204 1
2043 2
2059 1
2063 1
2069 1
2075 1
208 1
2091 1
2092 1
2093 1
2107 3
2116 1
212 1
2135 2
2193 1
2200 4
2226 1
223 1
2240 1
225 1
2256 2
2262 2
2268 1
2279 1
2281 10
2282 1
2288 1
229 3
2309 2
2335 1
2349 2
2361 3
2367 1
238 1
2387 1
239 4
2395 2
2396 1
2398 1
2416 1
2425 1
2432 2
246 13
2486 16
258 2
263 1
280 1
291 1
302 1
310 3
331 2
333 1
339 1
349 2
353 1
354 11
363 1
365 1
366 4
370 1
371 2
376 1
380 1
393 1
396 1
402 4
410 3
424 2
428 1
430 1
433 2
434 1
449 1
455 1
460 10
461 1
466 5
476 2
479 1
48 1
490 2
493 1
496 2
502 1
504 4
512 2
515 2
522 1
535 1
545 1
547 1
55 11
60 2
61 2
634 2
638 1
659 2
663 2
691 1
693 1
709 1
710 5
714 1
724 1
745 4
788 2
800 1
801 1
804 1
82 1
825 1
833 1
84 1
845 2
854 1
864 1
870 2
882 1
883 1
893 1
896 1
903 1
914 1
916 1
926 1
937 5
938 1
943 1
948 4
954 1
973 1
986 2
990 2
