1029 1
1035 1
1043 4
1047 2
1048 1
1063 3
1067 2
1071 7
1107 7
1119 4
1135 3
1155 4
1171 2
1174 5
1178 3
1189 3
1190 2
1192 1
1230 1
1236 4
1273 1
1274 1
1330 4
1336 1
1353 2
1395 2
1399 4
1409 2
1426 3
1429 1
1432 1
1475 8
1521 1
1543 1
1567 2
1571 2
1572 1
1586 2
1626 1
1633 1
1634 1
1637 1
1645 1
165 1
167 1
1678 1
1679 3
1681 1
1684 1
1687 1
1690 1
1691 6
1705 2
1716 5
1722 1
1729 1
173 4
1734 1
1744 1
1745 2
1760 1
1788 1
1806 1
183 1
1832 1
1837 1
1845 1
1870 1
1900 1
1901 6
1921 1
1928 1
1946 6
1949 1
1966 1
1976 3
1991 1
2058 3
2059 1
2063 1
207 1
2071 2
2079 2
2093 2
2097 1
2113 1
212 4
2155 1
2177 1
2223 2
2226 1
223 1
225 1
2251 1
2256 2
2265 1
2271 1
229 4
2296 1
2360 2
2361 1
2385 1
239 1
2431 2
2432 1
2486 14
254 1
255 2
258 1
270 3
278 1
284 1
306 1
307 1
310 1
329 1
331 3
333 1
334 3
336 1
339 2
349 1
352 1
363 1
366 1
371 3
405 1
410 2
416 1
438 2
449 2
455 3
459 3
460 4
466 1
490 1
493 2
504 1
54 6
55 4
558 1
563 1
565 1
567 1
570 1
575 1
577 1
605 2
608 2
609 1
622 1
624 1
629 4
632 1
639 2
646 2
650 1
710 2
719 1
730 1
743 2
744 4
747 2
749 1
771 1
786 1
791 2
792 4
82 1
837 4
838 2
85 3
864 2
880 1
895 2
900 5
903 1
911 4
916 1
926 1
935 3
938 1
941 1
948 1
949 2
954 4
971 1
979 1
981 1
986 1
995 1
