1001 2
1007 2
1008 1
1031 1
1035 1
1036 10
1037 2
1040 1
1042 2
1043 9
1048 8
1055 2
1057 1
106 1
1063 5
1064 1
1066 1
1073 1
1079 2
1084 2
1088 3
1089 2
110 1
1103 1
1115 1
113 1
1152 1
1155 11
1156 1
1163 2
1178 5
1192 3
1199 1
1204 1
1213 1
1224 1
1255 2
1259 3
1262 1
127 1
1272 1
1276 1
1289 1
1295 3
130 2
1321 6
1327 2
1328 1
1330 1
1348 1
1370 1
1372 2
1385 2
139 2
1393 2
1395 2
1396 2
140 3
1403 2
1407 2
1409 3
141 2
1413 4
142 1
1424 1
1434 1
144 1
1441 1
1450 1
146 4
147 24
1475 27
1485 6
1487 2
150 3
151 1
1513 2
1519 2
1522 1
1526 1
1559 1
1571 1
1572 2
1581 2
1587 1
1616 2
1621 1
1624 1
1633 4
1634 2
1635 1
164 1
1648 2
165 1
1660 1
1679 6
1681 9
1682 2
1686 1
1688 2
1689 2
1691 11
1716 3
173 3
1740 2
1743 1
1749 2
1758 2
1779 6
178 3
1787 2
1788 1
179 1
1796 2
183 4
1833 1
1839 1
184 2
1841 2
1845 2
1849 1
186 2
1894 1
1900 1
1906 1
1909 1
1918 2
1921 1
1928 2
1929 2
1948 2
1955 3
1956 1
1960 1
1964 1
1966 3
1972 3
1979 1
1984 1
1990 1
2007 1
2008 1
2015 2
202 1
2021 1
2024 2
2029 1
2030 6
2044 1
2053 2
2055 1
2059 1
2068 1
2070 2
2073 1
2091 2
2092 3
2099 1
2104 1
2106 2
2107 4
212 3
214 2
2144 1
2151 1
2155 1
2156 4
2160 1
2173 1
2192 1
223 2
2234 3
2237 1
2240 1
2249 1
225 1
2256 10
2269 1
228 1
2286 1
2288 9
229 3
2290 2
2296 1
2306 1
2307 1
2309 2
232 2
2323 1
2340 1
2347 1
2349 5
2352 1
2355 1
2359 1
2361 1
2373 3
2375 1
2388 4
2391 2
2395 1
2407 1
2411 1
2415 2
2431 1
2432 2
244 1
246 1
2463 1
248 2
2483 1
2484 1
2486 55
2488 1
2496 1
2497 1
251 1
254 1
259 1
261 1
262 1
264 1
266 1
270 1
272 3
278 1
280 2
281 2
282 1
284 6
302 14
306 1
318 2
319 4
326 1
328 1
331 9
336 8
337 5
339 7
340 3
343 7
349 4
353 1
354 37
358 1
363 11
366 4
368 3
369 1
370 3
371 3
382 1
387 7
394 1
396 1
399 3
401 1
402 2
404 1
405 5
408 1
409 1
410 4
421 1
422 2
423 1
424 4
427 1
430 2
433 26
434 1
449 2
455 1
459 3
460 13
466 4
473 1
474 2
476 9
487 2
490 1
50 1
500 1
504 1
512 2
514 1
515 1
55 16
555 1
564 7
565 5
575 12
577 4
582 1
584 3
586 1
588 4
595 3
60 18
600 1
605 2
61 18
613 1
621 1
631 1
634 2
639 3
646 1
647 3
660 1
665 1
672 1
676 2
689 1
699 1
702 1
709 1
710 1
719 1
727 1
744 13
745 2
753 1
757 1
761 1
785 4
786 2
789 1
793 1
795 1
796 2
800 4
801 2
803 2
809 1
811 1
814 1
82 1
823 2
825 5
831 1
84 2
840 2
849 2
870 4
892 1
899 2
900 43
902 3
903 7
907 1
930 1
935 3
938 1
941 1
946 1
947 1
948 7
949 2
951 1
954 4
970 1
971 1
975 1
979 2
981 1
986 15
988 2
997 3
999 1
