1001 1
1031 1
1035 1
1042 1
1043 12
1047 2
1048 2
1064 1
1074 2
1079 5
1096 1
110 1
1104 1
1123 2
1129 4
1132 1
1178 2
1185 1
1211 1
1216 1
1219 1
1230 1
1248 3
1255 2
1259 2
1272 1
1273 4
1274 1
1287 6
1291 4
1298 1
1302 1
132 1
1321 3
1324 1
1326 1
1336 1
1340 1
1353 1
1378 1
1395 3
1398 2
1403 5
141 1
1413 5
1415 5
1425 1
1427 1
1434 2
144 4
145 4
1459 14
1475 7
1485 2
150 2
1519 1
154 3
1550 1
1553 1
1570 1
1576 1
1601 8
1606 1
1633 3
1636 1
1637 1
164 1
1657 1
1672 1
1679 1
1682 4
173 1
175 2
178 1
179 2
1793 1
1806 1
1809 2
183 4
1832 1
184 2
1841 1
1849 1
1858 2
186 1
1895 2
1921 3
1923 3
1946 2
1956 1
1960 1
1963 1
1964 1
1966 2
1969 1
1972 2
1995 1
1998 1
2024 1
2042 1
2052 2
2053 1
2063 1
2064 2
2066 1
2077 1
2079 1
2093 1
2108 5
2113 2
212 3
2173 1
2239 3
225 1
2256 1
2271 1
228 3
2352 2
2368 1
2375 1
2377 1
2395 1
2396 1
2411 1
2412 11
2431 2
2478 2
2486 29
2497 2
258 1
265 6
270 1
278 2
281 1
291 1
310 1
331 5
336 1
337 1
339 4
349 2
350 1
353 4
363 3
365 2
366 2
370 2
382 2
387 1
396 1
399 2
405 6
410 1
424 3
427 6
433 5
434 1
441 4
449 2
452 1
459 1
460 10
466 3
502 2
512 3
513 1
515 3
518 1
532 1
533 1
54 1
549 1
55 10
558 2
565 3
575 1
588 1
60 2
61 2
617 1
624 1
629 1
630 1
646 1
655 3
665 1
676 1
684 4
688 2
699 1
710 1
727 1
743 1
747 1
773 1
786 1
789 2
800 1
801 2
804 1
811 5
82 1
825 2
834 1
863 1
88 4
885 3
890 1
893 8
902 3
903 9
915 1
921 1
923 6
941 1
949 5
954 4
979 4
990 6
995 1
997 3
