1004 1
1031 2
1043 2
1047 1
1048 2
1055 1
1079 1
1089 1
1102 1
1178 1
1189 4
1271 1
1272 2
1302 1
1345 1
138 1
1401 1
1417 5
144 4
147 1
1475 5
150 1
1513 1
154 1
1635 1
1670 1
1679 1
1691 1
1716 3
1745 1
1779 7
1793 1
183 3
184 1
1850 1
189 8
1905 2
1955 1
1966 2
1976 2
201 1
202 1
204 1
2040 1
2084 1
209 1
2107 1
2123 1
2135 7
2186 1
2234 3
2267 2
228 1
2288 3
229 1
2290 1
2299 4
2355 1
2486 9
255 1
265 1
272 1
278 1
286 4
316 1
331 4
333 1
336 6
337 2
354 2
363 1
365 3
395 1
396 10
407 2
408 2
424 2
433 3
449 4
460 4
481 1
488 1
512 1
526 1
55 5
575 5
60 1
61 1
630 1
634 3
646 2
669 1
684 1
753 1
771 1
789 1
801 1
834 1
899 1
923 1
924 1
938 1
947 2
949 1
954 3
963 1
981 1
986 2
990 4
