1002 2
1037 5
1046 4
1048 1
106 1
1079 1
1094 1
1102 1
1107 1
1132 1
1142 1
1176 1
1215 1
1216 1
1217 1
1224 2
1239 1
1259 1
1272 2
1276 4
1314 1
1332 1
1340 1
1354 1
139 1
1413 1
142 1
1443 1
147 4
1475 5
150 3
1502 1
1522 1
154 1
1544 1
1633 1
1635 1
1679 1
1680 1
1686 1
1688 1
1703 4
1707 1
1709 8
1710 2
1744 1
1745 1
1779 1
1805 1
1825 1
184 1
1849 1
1878 3
1893 1
1948 1
1955 1
1957 1
1960 1
1966 1
1972 1
1995 1
2029 1
2043 1
2069 3
2076 2
2085 6
2107 1
220 1
2226 1
223 1
225 1
2281 2
229 1
2292 1
2302 1
2340 1
2386 1
2398 2
2411 1
2428 7
2431 2
2486 15
254 2
258 1
263 1
267 1
270 1
274 1
286 1
302 1
310 1
313 2
331 3
354 2
360 1
365 1
368 2
377 1
393 4
402 1
408 1
409 1
424 1
427 1
460 3
466 7
481 2
487 1
504 6
512 1
54 1
55 5
560 1
575 1
577 1
580 1
60 1
61 1
639 1
646 3
655 1
665 1
682 1
684 2
712 1
714 2
736 2
747 1
786 1
800 1
801 2
870 3
896 1
914 1
938 1
941 3
943 1
948 1
954 1
971 1
976 1
981 1
986 1
990 2
