1002 1
1010 1
1031 1
1037 1
1042 1
1043 9
1047 9
1057 1
1063 1
1067 3
1074 3
1077 1
1079 9
1080 4
1089 3
1097 1
1132 5
1135 12
1142 2
1155 1
1178 5
1189 1
1192 1
1195 1
1211 1
1224 1
1239 1
1259 1
1274 4
130 1
1302 2
1305 2
1306 5
131 5
134 1
1340 1
1353 1
138 9
1380 1
1389 4
139 1
1399 20
1405 1
141 1
1413 5
1414 2
1415 11
1416 4
144 1
145 2
1457 3
147 2
1470 1
1471 1
1475 14
1487 1
151 2
1519 1
1567 6
1570 21
1572 1
1601 2
1620 2
1633 1
1634 6
164 13
165 1
1656 5
1679 5
1681 4
1682 3
1686 2
1689 1
1691 2
1705 6
1716 1
173 7
1740 1
1749 3
175 4
1750 1
1759 1
178 2
179 1
1793 1
1798 1
1826 2
1833 8
1847 1
1849 3
186 8
1868 5
1895 2
194 1
1944 1
1946 3
1956 1
1961 2
1966 1
1972 2
1976 1
1978 1
1988 3
1996 1
2007 10
2012 1
202 3
2024 1
2026 2
2029 3
2030 1
2034 1
2038 2
204 4
2053 1
2056 5
2058 1
2085 3
2106 1
2107 1
2108 11
2116 1
2128 1
2133 3
2139 2
214 3
2143 2
2155 2
2186 6
2226 1
2234 3
2239 1
2240 4
2241 1
225 1
2253 2
2267 3
2273 1
228 6
2282 2
229 2
2299 3
2309 1
2316 11
232 2
2352 1
2361 1
2374 1
2377 1
2389 3
239 1
2428 3
2431 2
2432 16
248 2
2486 41
2497 1
254 3
255 2
263 4
270 6
271 1
272 2
273 3
277 2
280 3
281 7
284 2
301 1
331 6
333 4
334 5
336 4
339 4
342 1
345 2
347 4
349 2
353 2
354 8
362 2
363 1
365 1
366 2
371 11
387 1
399 1
405 3
410 1
424 2
430 1
433 1
437 1
459 3
460 4
465 6
466 3
471 2
473 1
494 2
512 5
526 1
535 1
54 6
55 9
564 2
565 1
575 18
584 2
60 19
600 2
61 19
646 5
651 1
655 1
661 2
676 2
706 21
710 3
736 3
743 36
747 6
769 1
773 1
785 1
786 4
789 12
790 5
791 2
792 2
800 2
802 7
803 8
810 1
823 2
852 3
873 1
90 1
900 5
902 3
914 1
924 1
93 3
936 1
938 2
941 2
948 5
949 4
951 3
954 2
96 1
960 5
981 2
986 2
989 2
990 1
