1001 3
1007 1
1013 1
1031 7
1035 1
1042 6
1043 32
1047 5
1048 12
1055 2
1056 4
1057 1
106 1
1063 2
1065 1
1073 3
1074 2
1075 1
1077 3
1078 1
1079 4
108 1
1089 10
1094 1
1096 3
1099 1
1102 3
1111 2
1118 1
1121 4
1127 1
113 3
1143 4
1152 2
1162 1
1178 10
1185 2
1189 1
1192 8
1195 1
1196 2
1202 1
1204 1
1207 1
1211 1
1216 1
1224 1
1227 1
1230 2
1239 1
1248 10
1255 1
1259 9
126 1
1270 1
1273 3
1274 2
129 1
1295 1
1296 4
130 1
1301 3
1306 13
1316 1
1321 21
1324 2
1326 2
1330 3
1336 1
1353 1
1360 5
1370 31
1372 2
138 1
1380 1
139 1
1398 7
1399 10
140 7
1400 9
1403 3
1405 1
1409 16
141 1
1412 1
1413 9
1419 1
142 8
1423 1
1432 3
1434 10
144 1
1441 2
1443 1
145 2
1459 34
146 1
147 2
1475 72
1485 2
1487 9
150 8
1502 1
1511 1
1512 3
1513 5
1519 9
1521 1
1522 4
153 1
1543 1
1545 1
1558 1
1563 2
1567 1
1571 5
1572 11
158 2
1592 1
1604 1
1625 1
1633 1
1634 12
1635 2
164 16
1641 26
1678 2
1679 3
1681 2
1682 42
1683 1
1686 4
1688 1
1689 4
1704 2
1705 1
1716 25
1718 1
172 2
1724 1
173 5
1732 1
1744 1
1745 7
1747 2
175 1
1757 2
1762 1
177 15
1773 2
1776 2
1779 1
178 1
1787 2
179 3
1793 1
1825 1
183 4
1832 1
1833 19
184 2
1840 1
1847 2
1849 4
186 21
1895 1
1905 2
1917 4
1923 2
193 1
1937 1
1946 5
1948 1
1955 9
1956 1
196 1
1964 1
1966 13
197 1
1972 4
1976 2
1979 2
1986 2
199 1
1994 2
1996 5
2007 85
2016 6
202 4
2024 8
2029 2
203 6
2030 3
2037 1
2038 3
204 3
2042 1
2043 3
2044 1
2046 5
2049 1
2051 2
2053 1
2055 1
2058 6
2064 2
2066 1
2070 1
2075 2
2076 2
2077 1
2079 1
2091 2
2093 1
2109 1
2113 1
2116 3
2118 1
212 1
214 1
2148 2
2155 20
2156 1
2179 1
2188 1
2214 1
2226 1
2229 1
2234 1
2239 2
2240 3
2249 1
225 5
2256 2
2262 1
2268 1
2271 1
2273 1
2277 1
228 16
229 16
2290 2
2295 2
230 4
2307 3
2312 6
2317 4
234 2
2349 3
2352 3
2359 1
2361 2
2363 2
2377 2
2379 1
238 1
2388 1
2389 1
2393 1
2394 1
2395 1
2405 1
2411 8
2412 21
2431 2
2467 1
2468 4
2469 5
2478 2
248 6
2483 1
2484 1
2486 97
2497 4
251 2
252 1
254 3
255 1
256 3
258 7
260 1
263 4
264 1
265 1
270 5
271 3
273 5
278 7
280 21
281 8
283 1
286 2
291 1
301 1
302 6
310 20
316 4
319 1
331 17
334 9
336 7
337 2
339 19
340 14
342 1
343 2
349 3
350 1
353 11
354 13
357 1
363 15
365 12
366 3
368 8
371 15
377 12
380 2
381 1
382 1
385 1
390 1
395 4
396 5
399 6
402 1
405 29
408 17
409 1
410 7
412 2
417 1
422 1
424 8
427 1
428 4
430 6
433 3
434 3
437 2
438 1
444 2
446 2
449 1
455 2
459 9
460 17
465 13
466 6
469 1
474 4
476 1
494 1
500 1
502 2
504 3
512 1
526 2
535 2
54 5
542 1
547 1
55 35
555 3
558 6
564 2
565 7
575 11
580 2
584 3
585 1
597 2
60 24
600 2
604 2
61 24
613 2
622 1
624 3
629 9
635 2
639 2
646 11
651 3
655 14
665 2
682 12
691 2
698 1
709 1
711 1
712 2
727 2
734 2
736 1
743 3
744 1
747 5
753 1
762 1
769 2
780 8
785 3
786 6
788 1
789 3
790 3
791 1
800 5
801 1
803 2
804 2
809 2
810 1
811 3
815 1
816 10
82 9
823 8
825 1
831 1
833 1
84 1
849 1
85 2
852 1
854 2
856 1
863 1
864 1
87 9
870 5
885 1
892 1
893 1
899 3
90 1
900 1
903 9
907 1
914 6
923 2
926 4
933 1
936 3
938 5
941 7
948 13
949 6
951 1
952 1
954 5
955 1
960 2
963 16
966 5
970 1
979 8
982 1
986 14
987 1
990 8
997 4
998 1
