1035 1
1043 6
1047 1
1048 2
1056 2
1063 1
1064 1
1074 1
1079 1
108 1
1097 1
113 1
1178 4
1189 1
1190 1
1199 2
1211 1
1259 1
126 1
1273 1
1321 3
1340 1
1341 3
1370 1
1372 4
140 7
1405 1
142 2
1459 1
147 8
1470 1
1475 12
1485 1
151 1
1513 1
153 1
1544 2
1569 1
1572 3
1617 1
1633 2
1634 1
1682 1
1686 2
1691 7
172 1
173 1
1749 1
178 1
1833 1
1847 6
1909 3
1946 1
1955 2
1966 4
1972 3
1976 2
2030 1
2032 1
2055 1
2063 3
2073 1
2091 1
2092 2
2106 1
2107 2
2130 1
214 2
2143 1
2155 5
2226 1
2234 1
2239 1
2240 1
225 2
2256 1
2277 1
2288 1
229 2
2367 1
2373 1
2377 2
2383 1
2388 1
2393 1
2412 1
2431 1
2468 1
2469 1
248 1
2486 13
266 1
273 1
277 3
281 2
302 1
319 1
331 10
336 2
339 3
349 1
354 16
363 2
365 2
366 1
377 3
395 1
396 2
402 1
405 1
408 1
410 1
423 3
428 1
433 10
453 1
455 7
459 2
460 6
477 2
504 1
512 2
52 1
526 1
543 2
545 1
55 4
564 1
575 4
582 1
60 7
61 7
676 1
736 3
747 2
771 1
786 1
789 3
800 9
801 2
802 2
803 1
857 1
864 1
870 1
890 1
903 5
926 6
935 1
938 1
941 2
949 1
95 1
954 3
963 1
976 1
979 1
981 1
986 2
989 1
990 4
