1001 1
1007 1
1031 7
1042 1
1043 4
1057 1
1067 1
1069 1
1077 1
1082 2
1089 2
1094 1
1096 3
1145 1
1155 7
1156 1
1178 6
1192 1
1216 2
122 1
1224 1
1243 5
1248 3
1257 1
1259 5
1273 1
1295 1
1306 1
1319 2
132 1
1321 1
1327 6
1330 1
134 1
1340 5
1378 2
1383 1
1387 1
1388 1
139 1
1396 1
1400 2
1424 1
1434 1
1471 1
1475 23
1493 1
150 1
1500 5
1512 1
1525 1
1532 2
1538 1
1540 1
1541 1
1563 1
1570 1
1572 2
1634 3
1635 2
1661 1
1665 2
1680 1
1686 1
1689 1
1691 7
1714 1
1728 1
1729 1
173 2
1741 1
1744 1
1759 1
1769 1
1794 7
184 1
1849 1
1854 1
190 1
1907 1
191 1
1911 13
1913 1
1946 2
1955 1
1956 1
1959 5
1964 1
1966 1
1972 3
1996 1
2011 2
2025 1
2030 3
2034 1
2063 1
2066 1
2077 1
2116 1
2127 1
2130 2
2148 2
2156 1
2161 1
2173 1
2196 4
2198 3
220 5
2200 1
2208 1
2225 2
2226 4
223 5
2234 1
2237 3
2240 3
2279 1
2295 1
2347 1
2349 1
2370 4
2385 2
2388 2
2396 2
2399 6
2404 1
2405 1
2433 3
2467 3
2468 2
2478 1
2486 24
2497 1
2498 2
251 1
254 1
256 2
258 2
261 1
265 1
266 1
272 1
273 6
278 2
280 3
281 4
303 1
309 2
316 2
319 2
331 9
336 1
337 3
339 11
343 1
349 1
351 1
353 2
354 1
366 2
368 2
370 1
385 2
399 1
405 6
408 3
409 1
410 3
413 1
421 1
427 1
428 1
430 1
432 1
433 2
446 1
459 1
460 10
517 13
521 2
526 1
54 4
55 6
556 2
565 5
575 3
576 2
577 1
584 1
588 1
597 1
610 1
613 2
615 2
620 1
633 2
646 1
651 1
655 2
714 2
718 1
719 1
747 1
751 1
758 1
769 2
771 1
773 1
786 1
789 1
799 2
802 2
806 1
823 2
87 1
902 1
907 5
923 1
96 1
970 1
973 1
977 1
979 8
986 11
993 1
