1001 2
1043 4
1047 1
1048 1
1064 1
1067 1
1088 3
1094 1
1107 2
1128 2
1142 1
1178 1
123 1
1256 2
1273 1
1302 1
1327 4
1370 1
1372 3
1395 3
1413 1
1429 1
1434 1
146 2
147 10
1475 11
1479 1
154 1
1543 1
1572 3
1601 1
1633 3
1634 1
1635 1
164 1
1679 3
1681 1
1682 1
1689 1
172 2
173 2
1759 1
178 1
183 4
1847 2
1873 2
1895 2
1900 2
1906 2
1922 9
1955 3
1966 1
1970 1
1972 1
1980 1
1986 1
1996 1
1997 1
2030 4
2038 1
2055 1
2061 6
2075 2
2077 1
208 1
2093 1
212 3
2155 1
216 2
2239 1
2256 1
2288 5
2309 1
232 1
2347 1
2352 1
2365 2
2373 1
2381 2
2486 16
2497 1
255 2
258 2
261 1
264 1
273 1
280 9
284 3
302 1
310 1
319 2
331 3
333 1
334 2
336 1
337 1
339 1
340 2
354 12
363 7
368 1
370 1
395 1
399 4
402 1
405 1
410 1
430 1
433 6
434 1
460 4
466 1
476 1
500 1
504 1
512 2
547 2
55 5
558 1
563 1
565 2
575 5
577 2
595 1
60 4
61 4
613 2
639 1
655 2
709 1
710 1
714 1
742 1
744 2
745 2
747 1
789 2
798 1
800 1
801 2
803 1
82 1
823 1
870 2
900 16
902 7
903 4
914 1
948 5
949 1
954 2
962 1
973 1
990 2
997 1
