1031 2
1043 11
1047 1
1048 4
1067 1
1070 1
1145 4
1158 2
1178 1
1190 2
1198 1
1224 2
1237 2
1248 1
1259 2
1270 2
1272 2
1273 2
1296 1
1306 8
1308 2
1321 1
1330 2
1359 3
138 3
1380 1
1395 1
1403 2
1413 1
1417 8
142 1
145 3
1454 1
147 10
1475 6
1485 8
150 1
1513 1
1522 1
1550 1
1633 2
1635 1
164 1
1656 1
1679 5
1687 2
1690 1
1716 1
173 3
1745 1
177 1
1779 1
179 1
1819 3
183 1
184 1
1849 2
1895 1
1906 1
1929 1
1946 10
1966 5
1976 1
1978 1
1979 3
199 1
204 15
2053 1
2055 1
2068 1
2092 1
2103 5
211 8
212 1
2130 1
2155 1
2204 1
2234 7
2240 2
2256 2
2277 1
228 2
2288 2
229 5
2357 1
2359 2
2383 1
2411 1
2486 21
258 1
270 1
272 2
277 1
302 1
310 5
331 3
333 1
334 1
336 2
349 1
354 13
365 4
366 1
368 2
370 1
371 3
387 1
397 2
402 1
405 1
408 2
410 1
428 1
433 9
449 2
455 3
460 4
476 1
477 1
496 2
512 2
526 1
535 1
55 7
564 2
575 2
587 1
597 1
60 2
61 2
646 1
647 1
710 2
757 1
771 4
789 1
800 2
801 2
816 1
82 4
820 1
825 2
828 1
870 2
894 1
937 1
938 2
949 2
954 1
963 1
972 1
986 1
990 4
