1021 3
1031 2
1038 1
1043 9
1048 12
1057 1
1069 1
1076 1
1077 4
1079 2
1082 1
1089 4
1096 3
1097 2
110 2
1103 1
1127 2
113 1
1143 3
1178 6
118 1
1181 1
1185 3
1189 9
1192 3
1224 1
1238 1
1239 2
1248 1
1251 1
1255 1
1273 11
130 1
1301 1
1316 1
132 1
1321 27
1327 2
1330 2
1348 2
136 1
1370 3
138 1
1387 1
139 3
1391 1
1399 2
140 10
1400 2
1403 5
1409 8
1413 4
1432 2
1434 2
1438 1
144 2
146 1
1469 1
1475 33
1483 1
1485 2
1487 1
1491 1
150 4
1506 1
1513 1
1522 3
1530 1
1540 9
1563 1
1567 1
1568 1
1570 1
1571 9
1572 8
1576 1
1581 1
1610 1
1633 7
1634 7
1637 1
164 1
1650 4
1652 4
1657 1
1666 1
1670 3
1672 2
1679 1
1681 2
1688 1
1712 1
1716 2
173 3
1740 1
1744 3
1757 4
1759 2
1761 1
177 1
1787 2
179 1
1791 1
1825 4
1826 1
183 3
184 7
1845 2
1847 3
1849 2
1900 1
1905 2
191 1
1926 1
194 1
1946 2
1948 2
1951 2
1955 3
1960 1
1966 6
1972 5
1976 1
1994 1
1996 1
1998 1
2022 8
2024 2
2029 1
2030 5
2034 1
2037 1
2038 2
2051 1
2053 1
2055 2
2059 1
2068 7
2070 1
2071 2
2072 1
2073 1
2076 1
2077 3
2091 1
2092 1
2093 1
2104 1
2107 2
212 2
2135 2
214 2
2148 2
2186 20
2194 7
2211 2
2223 1
223 2
2234 3
225 1
2256 3
226 1
2262 1
2268 1
2271 1
2277 4
229 1
2293 1
2304 1
2307 2
2315 2
2335 5
2347 1
2352 1
2361 1
2385 1
2405 6
2431 3
2432 1
244 17
2445 1
246 1
248 1
2486 45
251 1
254 2
255 1
258 1
261 1
263 4
266 1
269 1
272 1
273 1
280 2
281 5
282 2
291 1
302 1
316 5
323 1
331 5
336 5
337 2
339 15
340 5
342 3
349 1
354 4
366 9
368 3
370 8
380 2
387 3
399 1
402 4
405 16
410 3
422 1
427 1
428 4
430 3
433 13
434 2
455 5
456 1
459 3
460 11
466 2
472 1
474 4
483 1
487 2
489 6
512 1
526 1
53 5
530 1
54 1
55 22
555 3
558 1
564 10
565 3
575 1
580 1
588 1
622 2
629 2
64 1
646 4
65 1
655 13
660 4
661 1
668 1
669 5
671 2
676 4
709 2
714 3
719 2
723 6
731 2
735 6
736 3
743 1
747 1
757 1
760 1
762 1
763 1
771 4
773 1
775 1
785 1
786 8
789 3
790 3
792 1
795 1
800 3
801 1
803 2
804 1
810 1
812 1
82 6
823 8
825 2
854 1
863 2
870 2
892 1
899 2
900 1
901 1
903 12
907 1
915 18
926 1
940 1
941 4
95 6
951 1
960 2
961 1
966 1
970 3
979 3
986 13
990 3
997 7
998 2
