1001 1
1005 1
1007 2
1018 16
1023 2
1029 1
1031 1
1037 1
1042 2
1043 2
1048 8
1056 1
1058 1
1073 3
1077 2
1079 1
1089 3
1096 1
1111 1
1118 1
1127 3
1135 2
1155 5
1178 8
1189 1
1190 1
1198 1
1202 1
1204 1
1211 1
1224 2
1248 3
125 1
1262 1
1271 1
1272 4
1273 2
1301 1
1306 1
1321 6
1327 1
1330 5
1340 1
1360 1
1372 1
1378 3
138 2
1393 3
1399 1
140 5
1403 3
1409 1
1413 1
1436 1
1443 1
146 1
1470 1
1471 1
1475 13
1485 2
150 2
1501 1
151 2
1513 5
1522 1
1528 1
1546 2
1548 1
1550 1
1563 1
1571 3
1572 3
1576 1
1594 1
1601 1
1602 1
1620 2
1634 6
1645 1
1650 2
1653 1
1680 1
1686 1
1688 1
1689 4
1704 1
1716 2
173 5
1741 1
1744 3
1745 1
1747 1
1759 1
1761 1
178 2
1787 1
179 1
1792 3
1793 1
1815 1
1817 5
1819 2
1825 1
1829 2
183 5
184 1
1847 1
1849 2
1895 1
1922 1
194 2
1946 2
1948 1
1950 1
1971 1
1972 1
1976 2
1994 1
1996 2
202 2
2024 1
2029 2
203 6
2030 5
2034 1
204 2
2043 1
2055 2
2058 3
2063 1
2072 3
2075 1
2076 3
2077 1
2084 1
2092 1
2093 1
2107 3
212 1
2139 1
2186 1
223 1
2230 1
2239 2
225 1
2256 2
2267 1
2269 1
2277 2
228 1
2290 1
2295 4
2304 1
2315 1
2317 1
2331 3
2347 1
2354 1
2373 1
2375 4
2383 1
2388 3
2393 1
2415 1
2428 1
244 25
2479 3
248 1
2483 5
2484 5
2486 46
2526 1
256 1
2570 1
2574 1
258 2
2583 1
2586 1
261 1
2634 1
264 2
2650 1
2654 1
270 1
272 1
275 2
278 2
281 6
282 6
291 1
302 1
306 1
31 1
310 1
319 4
331 5
336 4
339 8
342 1
354 1
356 1
363 1
366 2
380 2
382 4
390 1
393 1
399 2
402 4
404 2
405 5
410 8
425 2
428 7
430 3
433 16
435 1
437 2
440 1
455 1
459 2
460 8
465 1
466 3
474 1
481 1
487 1
488 1
490 1
494 1
495 1
496 1
5 1
504 1
512 1
515 3
526 3
54 5
55 4
555 1
564 2
565 4
570 1
575 1
580 3
588 1
597 1
600 2
613 1
619 15
639 4
64 1
646 6
65 1
651 1
655 1
672 1
710 9
714 1
719 1
727 1
731 2
755 2
771 4
773 1
785 1
786 3
790 4
792 3
800 4
801 1
804 1
82 3
823 2
84 1
863 1
864 1
870 1
893 2
900 2
903 2
908 1
915 1
923 3
938 1
941 2
948 1
949 6
951 1
954 1
963 1
97 1
970 1
973 1
979 6
98 1
981 1
986 9
997 1
998 1
