1001 2
1025 1
1037 2
1046 1
1047 1
1048 1
1055 1
1060 1
1063 1
1067 4
1077 2
1080 1
1082 2
1089 1
1096 1
1103 2
1123 1
113 3
1135 4
1150 1
1178 2
1187 1
1189 5
1190 1
1204 2
122 2
1251 1
1259 1
1273 1
1306 1
1324 1
1326 1
1340 4
1378 2
138 1
1396 1
1399 1
140 2
1400 2
1405 1
1413 1
1417 2
142 3
144 2
1443 1
145 2
1457 1
1459 7
146 1
147 1
1475 9
1487 1
1492 1
150 1
1507 1
1511 1
1516 1
1521 1
1522 1
1541 1
1571 1
1572 5
1592 3
1608 1
1613 18
1634 1
164 4
1680 3
1681 1
1682 1
1727 1
173 4
1744 1
1757 2
1760 1
177 1
1776 3
178 1
1787 1
179 1
1799 4
1811 1
1813 3
1820 1
183 3
1833 3
184 1
1840 1
1849 1
190 1
1900 2
1905 1
1949 1
1959 1
1964 2
1966 1
1968 2
1975 13
1979 1
1994 1
204 1
2040 2
2063 4
2079 1
2102 1
2118 2
212 6
2169 4
2174 1
218 2
2182 1
2185 1
2186 4
2223 1
2226 1
2232 1
2235 1
2256 2
2265 2
2283 1
2288 1
2295 1
2299 1
232 4
2323 1
2346 1
2349 1
235 4
2353 1
2360 1
2364 3
2375 1
2377 2
2385 2
2395 3
2412 2
2432 3
244 1
2468 4
2482 3
2483 1
2484 1
2486 28
2497 2
258 4
261 1
264 1
278 2
281 1
285 1
286 2
326 1
331 5
334 3
336 10
337 1
340 1
342 1
349 1
352 1
353 2
354 4
358 1
365 3
366 3
368 1
371 3
377 4
387 1
392 1
399 1
405 2
407 5
410 2
419 1
424 3
425 1
427 1
428 3
430 1
431 3
433 1
438 1
441 2
444 1
449 1
459 2
460 9
462 1
466 2
469 1
474 5
488 1
490 1
50 3
515 3
52 1
527 3
53 6
545 2
55 10
558 3
565 3
575 6
60 2
600 2
605 1
608 1
61 2
636 1
639 1
641 1
655 3
678 1
682 4
709 2
710 6
747 1
753 2
755 1
762 1
771 1
783 1
788 2
789 5
791 1
800 4
809 1
828 3
837 2
874 1
882 1
892 1
896 1
899 1
90 1
903 1
905 1
914 3
916 2
923 6
928 1
929 2
941 1
948 1
949 3
954 2
955 2
961 1
966 4
970 1
971 3
979 2
980 1
990 1
993 2
997 1
