1001 1
1007 1
1013 1
1037 4
1042 1
1043 4
1048 9
1057 1
1059 2
1064 4
1067 1
1077 1
1079 3
1083 5
1089 1
1102 1
1107 2
1111 1
1133 1
1152 1
1175 1
1178 6
118 3
1189 1
1192 1
1204 5
1230 7
1248 1
1255 2
1272 1
1273 2
1274 1
130 2
1306 4
131 1
1325 1
1328 3
1340 1
1341 1
1398 1
140 1
1401 1
141 8
1417 16
142 2
1432 1
1434 4
1438 1
144 3
1459 18
146 2
1470 1
1475 17
1492 2
151 1
1522 1
1526 1
1530 1
1559 1
1571 1
1572 3
1633 5
1659 1
1679 2
1680 2
1689 1
1716 1
173 2
1732 3
1740 2
1745 2
1757 1
1779 2
178 4
1784 3
179 1
1811 1
183 5
184 3
1846 2
1849 1
1895 1
1922 1
1946 5
1955 1
1960 1
1966 5
1971 1
1972 5
1975 1
1976 4
1989 1
199 1
1994 1
1997 1
2007 4
2013 1
2014 1
2022 1
2024 1
2029 2
2030 2
2047 1
2056 1
2059 1
2072 1
2076 1
2079 2
2091 1
2106 1
2107 2
2113 2
2116 1
212 1
2125 2
2135 1
215 1
2155 1
218 2
2182 1
2186 8
220 1
2211 1
2232 1
2234 1
2240 4
225 2
227 5
2279 3
228 1
2288 1
229 1
2290 1
2295 1
2315 2
232 1
233 1
2335 1
2347 3
2349 1
2364 23
2373 1
2377 1
238 1
2388 4
239 1
2412 15
2431 2
2432 3
2454 1
2467 1
2468 1
248 1
2486 45
2496 1
2497 1
258 3
263 2
266 1
270 1
272 1
273 2
278 1
281 7
284 4
286 2
295 1
301 1
302 4
316 1
319 1
331 15
334 2
336 17
337 1
339 9
342 2
346 1
349 7
353 4
354 8
356 1
363 4
366 6
368 1
370 2
371 2
376 1
385 1
396 2
402 10
405 4
410 5
422 1
428 1
430 2
431 2
433 7
438 2
441 6
449 1
453 1
455 1
456 1
459 1
460 14
465 1
466 5
472 1
474 2
487 1
494 1
512 2
526 2
53 8
54 4
545 1
55 20
558 18
564 1
565 7
575 2
584 2
60 2
600 1
61 2
616 1
639 1
64 1
646 1
647 1
65 1
651 1
655 1
665 2
676 1
682 8
710 1
712 1
739 1
752 1
753 2
786 1
789 1
792 1
800 4
802 1
803 1
804 1
82 12
823 4
828 18
837 1
84 1
849 1
852 2
893 2
903 1
907 1
923 4
938 1
941 1
949 2
954 4
960 1
966 1
971 1
973 2
976 1
979 2
986 8
988 2
990 4
