1001 2
1021 4
1031 1
1035 1
1037 1
1042 1
1043 3
1048 9
1055 1
1056 3
1057 2
106 1
1064 1
1073 1
1074 3
1077 4
1079 3
1089 3
1094 1
1096 1
1097 1
110 1
1102 1
1104 9
1108 1
1111 2
1116 2
113 1
1135 1
1178 9
1181 1
1185 1
1189 1
1190 1
1192 2
1224 9
1232 1
1243 1
1248 9
1259 1
1267 3
1273 7
1274 1
1301 7
1303 4
1306 2
1321 22
1330 1
134 1
1340 3
1348 2
1351 1
1353 1
1360 1
1370 3
138 4
1380 1
1383 1
1387 1
139 8
1396 1
1399 1
140 5
1403 2
1405 1
141 3
1413 3
1421 1
1434 4
1439 4
1444 1
146 2
1469 3
1475 45
1477 1
1480 1
1485 1
1491 1
1498 1
150 4
1506 4
1509 1
151 4
1513 3
1522 4
153 1
1538 1
1540 2
1543 3
1563 1
1568 3
1571 5
1572 7
1573 1
1576 1
1600 1
1608 3
1610 1
1616 1
1633 3
1634 9
1635 2
164 5
1652 2
1657 1
1670 1
1678 1
1681 1
1686 1
1688 1
1689 1
170 1
1709 1
1718 1
1725 3
1729 3
173 4
1740 4
1744 2
1757 1
1759 1
177 2
178 2
1784 2
1787 1
179 2
1806 1
1811 1
1817 12
1825 6
183 3
184 3
1847 2
1849 1
1876 1
1905 6
1922 1
194 1
1946 3
1948 1
1950 3
1955 2
1960 1
1966 3
1972 1
1976 2
1979 1
1994 1
1996 1
2012 1
202 5
2022 1
2024 2
2029 2
203 1
2030 11
2034 1
2043 1
2044 3
2048 1
2051 1
2058 6
2068 1
2072 2
2076 3
2077 1
2088 1
2091 2
2092 1
2093 1
2103 1
2107 1
212 3
2135 2
2139 6
2144 3
2145 1
2148 1
2154 1
216 1
2181 1
2186 2
2192 1
2200 4
2204 1
2220 1
2234 1
2237 1
2239 1
225 1
2256 1
2265 1
2267 1
2268 1
2275 3
2277 4
229 1
2303 3
2304 1
2315 2
2317 1
2323 1
2331 3
2335 5
2347 5
2348 1
2352 2
2354 5
2361 1
2377 2
2387 1
2388 2
2389 1
2392 2
2393 1
2396 1
2428 1
2431 1
2432 3
244 26
246 1
2467 2
247 2
2483 1
2484 1
2486 57
2498 2
251 2
258 3
2633 2
264 1
265 1
273 3
278 1
281 11
282 5
291 2
302 1
316 4
319 2
331 16
336 4
337 2
339 12
340 1
342 4
349 3
354 4
365 1
366 3
368 5
384 1
393 6
402 3
405 13
408 1
410 8
425 1
428 5
430 7
433 24
434 2
444 1
447 1
453 1
455 6
457 6
459 8
460 11
461 1
465 2
472 1
474 1
481 1
487 3
488 1
507 1
510 2
512 1
524 1
526 3
53 5
54 2
55 25
555 1
565 5
570 2
575 9
577 1
584 1
60 5
600 8
605 1
61 5
613 7
617 1
622 1
624 1
639 1
64 1
643 1
646 9
65 1
651 1
655 7
660 4
661 2
669 2
672 3
676 6
681 1
692 3
709 5
710 16
714 1
719 1
730 1
731 5
736 4
747 3
753 2
760 4
767 2
771 1
779 2
780 1
786 4
789 6
795 1
800 5
801 1
802 1
803 2
804 3
808 1
811 1
82 11
823 11
849 1
900 4
902 7
903 5
914 3
926 7
938 1
941 1
948 1
949 1
95 7
951 2
956 1
961 1
969 1
971 3
973 3
979 5
98 1
986 17
990 1
991 1
997 5
998 1
