1031 3
1043 1
1046 1
1047 1
1048 5
1051 1
1074 1
1079 2
1080 1
1089 3
1094 2
1095 1
1096 1
1105 2
1113 1
113 3
1151 1
1152 2
1169 3
1178 5
1180 1
1185 1
1189 2
1192 1
1203 1
1207 1
1228 1
1230 1
1231 2
1248 1
1259 1
1299 3
1301 3
132 1
1321 2
1327 2
134 4
1340 2
1354 1
1360 2
1363 3
1370 1
1371 2
138 1
1387 2
1396 2
1398 1
1399 2
140 1
1400 1
1405 5
141 1
142 3
144 1
145 1
1459 6
146 1
1466 1
1475 10
1485 2
1487 1
1493 2
150 1
1500 1
1513 2
1515 1
1517 2
1532 2
1537 2
1540 2
1548 6
1552 1
1571 8
1572 2
1576 1
1577 2
1610 1
1613 1
1633 3
1634 1
1671 2
1679 1
1686 2
1689 5
1698 1
1716 1
173 6
1731 1
1744 3
1745 1
1760 1
177 1
178 2
1789 1
1791 3
1794 3
1800 1
1825 1
1827 2
183 5
184 5
1840 1
1847 2
1909 1
1911 24
1946 2
1948 1
1955 1
1963 1
1964 4
1966 3
1972 2
1975 1
1976 1
1994 1
1996 1
1997 1
1998 5
2011 2
2012 4
2014 1
2024 1
2029 2
2030 1
2035 1
2045 1
2053 1
2056 1
2058 3
2066 4
2072 1
2076 1
2085 3
2107 1
2127 2
214 1
2155 1
2156 1
2185 2
2186 1
2198 4
220 2
2200 5
2208 5
2211 1
2217 1
2218 3
2223 1
2225 1
2226 7
2229 2
2234 2
2240 3
2242 1
2249 1
225 1
2255 1
2264 1
2267 2
2273 1
2278 1
2279 7
229 2
230 5
2307 2
233 1
2349 4
2377 4
2394 1
2396 1
2400 1
2432 2
244 1
2443 1
2446 2
2459 1
2464 1
2474 1
2478 2
248 5
2486 43
2497 3
251 2
254 3
256 2
258 1
261 2
266 1
275 1
280 1
281 1
282 2
286 1
309 2
310 1
317 2
331 9
333 1
334 2
336 4
337 3
339 6
352 3
353 1
366 2
368 3
370 3
371 1
377 2
382 1
390 2
395 1
399 1
405 10
410 1
422 2
424 1
430 2
459 3
460 4
461 2
472 1
512 1
528 1
53 3
54 6
549 1
55 4
555 2
564 1
567 2
572 1
573 1
575 2
577 2
584 1
622 1
629 1
639 2
64 1
65 1
655 1
661 1
668 2
682 1
684 1
698 1
710 1
712 1
714 3
723 1
731 2
736 1
747 1
751 2
769 8
771 1
786 1
789 2
800 2
801 1
802 1
803 2
804 3
815 1
82 6
85 1
869 24
87 1
882 1
889 1
899 1
914 2
915 2
923 1
949 1
954 4
960 2
961 1
979 3
986 5
99 1
993 7
