1001 1
1002 1
1003 1
1008 1
1023 2
1031 1
1035 2
1037 2
1042 3
1045 1
1047 2
1048 10
106 2
1063 3
1065 1
1069 2
1073 1
1082 1
1096 2
1097 1
1102 5
1107 1
1109 1
113 2
1140 1
1152 1
1178 6
118 3
1189 2
1190 1
1199 2
1204 2
1211 1
1215 1
1218 1
1220 1
1224 3
1228 1
1248 3
1259 2
126 2
1272 1
1273 3
1281 1
1282 1
1296 1
1300 1
1301 2
1302 2
131 3
1317 1
1319 1
132 2
1321 2
1325 23
1326 1
1330 1
1335 1
1340 1
1341 2
1349 1
1368 1
138 1
1381 1
1383 4
1387 1
139 4
1393 1
1399 1
140 1
1400 1
1408 1
1409 1
1413 1
1417 27
1426 1
1434 1
144 3
1440 1
145 1
1459 3
1470 3
1474 1
1475 37
1479 1
1485 2
1487 1
1505 1
151 1
1512 2
1513 1
1522 2
1523 3
1532 1
1536 1
1544 1
1548 5
1550 1
1556 1
1563 1
1569 1
1570 1
1572 1
1579 1
1587 1
1590 1
1601 1
1604 1
1611 1
1617 1
1633 1
1634 4
1649 1
1655 1
1665 1
1670 3
1678 1
1679 4
1680 4
1688 1
1703 3
1709 4
1716 2
1720 2
1722 1
173 3
1744 1
1745 2
1760 1
1761 2
177 1
1787 3
1791 1
1805 1
1818 1
1826 2
183 1
1832 1
184 2
1840 1
1849 1
1852 2
1856 2
1864 1
1875 1
1881 1
1899 1
1914 1
1918 1
1922 8
1927 2
1946 1
1955 2
1957 1
1960 1
1964 4
1966 1
1968 18
1976 2
1979 4
199 1
1994 2
1995 1
1996 1
2007 2
2008 1
201 2
2011 1
202 1
2024 1
2029 1
2030 2
2031 1
2034 1
2037 1
2042 1
2044 2
2047 1
2055 1
2058 2
2062 1
2063 1
2073 1
2076 3
2077 1
2091 1
2093 1
2107 4
212 2
2139 1
215 1
2157 1
2159 1
2169 1
2172 1
2179 1
218 1
2186 4
2195 1
2219 5
2226 2
2229 6
223 3
2231 1
2240 1
2249 2
2256 1
2267 1
2278 6
228 1
2285 1
2288 3
229 4
2290 7
2299 1
230 2
2334 1
2335 1
2338 1
2347 1
235 1
2361 1
2362 1
2364 3
2373 1
2388 2
239 1
2393 1
2396 1
2405 1
2412 3
2426 1
2432 1
244 1
2459 2
2468 3
2479 1
2482 1
2486 43
2487 2
2497 1
254 1
258 1
266 2
270 2
272 3
278 3
281 3
284 1
286 3
297 2
302 5
318 2
326 1
331 10
333 1
334 6
336 7
339 1
343 1
352 1
353 1
354 7
363 4
365 2
366 3
368 2
377 1
382 1
388 1
395 1
398 1
402 2
405 8
408 1
409 1
410 3
423 3
424 2
433 20
434 3
439 1
441 4
443 1
445 1
449 1
455 1
456 1
459 2
460 4
465 1
466 6
469 2
473 1
474 1
484 1
487 1
490 2
494 7
498 1
50 1
504 1
508 1
515 4
524 3
53 7
54 7
55 15
552 1
555 1
558 3
564 3
565 2
567 1
575 4
577 2
584 2
588 1
591 1
60 9
600 3
605 1
61 9
611 2
613 1
627 1
646 6
655 1
663 1
710 2
715 1
725 1
736 1
739 1
748 1
752 4
762 1
771 4
779 2
784 1
789 1
790 1
800 3
809 1
811 2
815 2
82 5
823 2
825 4
828 3
837 2
843 1
845 1
852 1
864 3
870 1
878 1
899 1
90 1
900 1
903 1
911 1
923 11
929 15
935 1
938 2
941 1
948 4
949 2
95 2
963 1
966 4
973 1
976 1
979 3
980 1
986 5
990 2
995 1
997 1
998 2
