1031 9
1042 3
1043 6
1047 4
1048 4
106 1
1063 1
1066 2
1067 1
1073 1
1084 1
1087 1
1089 1
1096 4
1111 4
1121 1
113 5
1135 1
114 1
1176 1
1189 2
1191 1
1192 3
1207 3
1208 1
1214 1
122 1
1224 1
1231 3
1246 1
1270 5
1272 2
1273 4
1301 2
131 1
1327 1
1334 1
1335 3
1340 3
1356 1
1381 3
1387 3
139 1
1403 1
1429 1
1434 5
144 2
146 1
1471 1
1475 33
1487 1
150 3
1512 2
1522 1
1532 5
1569 1
1571 2
1572 3
1583 1
1633 1
1635 2
164 2
1643 1
1652 1
1653 6
1654 16
1678 1
1680 2
1681 2
1718 1
173 3
1741 1
1744 5
1746 1
1748 1
1755 1
1759 2
1760 6
1771 1
1773 1
1783 1
1785 1
1786 1
179 1
1794 9
1802 1
1806 1
1813 6
184 3
1843 1
1845 1
1847 7
1849 2
189 3
1911 9
1914 1
1922 1
1942 1
1944 6
1946 15
1948 1
1953 1
1956 1
1966 1
1972 2
2007 1
201 1
2024 6
2026 1
2029 2
2030 2
2037 1
2040 6
2044 2
2055 2
2068 1
2072 1
2073 1
2093 1
2103 10
2107 1
2118 1
212 1
2154 1
2156 4
2173 1
2185 2
2198 2
220 1
2201 1
2210 1
2218 2
2225 1
2226 3
2229 2
2230 1
2240 1
225 2
2267 2
2273 1
2279 2
228 1
2290 1
2295 1
2314 1
2315 1
2339 1
234 1
2359 2
2361 2
2387 1
2388 1
239 3
2396 1
2399 1
2400 4
2410 1
2412 1
2415 1
2428 1
2431 1
2432 1
2464 1
2467 1
2468 1
248 1
2486 49
2487 1
2497 1
2498 1
256 1
258 1
261 1
264 3
265 2
266 1
271 2
272 1
278 1
282 1
286 2
298 1
303 2
309 15
316 1
326 2
329 4
331 3
336 3
337 1
339 11
340 1
342 1
349 1
353 2
354 3
356 1
363 2
366 5
368 1
380 1
385 1
390 1
395 1
400 1
402 1
408 2
410 1
425 2
427 1
428 4
430 1
434 1
453 1
459 4
460 2
466 1
487 1
512 1
53 4
54 10
55 10
564 4
565 2
575 3
576 1
579 3
584 1
591 1
597 1
60 4
600 1
605 1
61 4
613 1
639 1
64 1
649 1
65 1
651 1
655 2
661 1
669 14
706 1
710 1
714 2
719 1
723 1
752 14
769 2
773 1
777 1
779 2
780 1
786 2
792 1
800 3
801 1
802 1
803 3
804 1
813 1
814 1
82 1
823 1
825 1
836 1
842 1
869 9
870 1
890 1
896 1
935 1
936 1
938 2
940 1
941 1
945 1
949 5
970 1
973 2
979 1
986 7
990 3
991 1
993 1
998 1
