1001 1
1005 2
1031 2
1035 1
1037 5
1042 7
1043 2
1048 2
1051 1
1059 2
106 1
1063 1
1067 4
1069 1
1073 1
1077 4
1079 3
1089 3
1096 1
1103 1
1111 1
1124 1
1127 2
113 1
1135 3
1142 2
1143 2
1168 1
1169 1
1178 13
118 1
1185 2
1189 7
1198 1
1199 1
1202 1
1211 10
1214 7
1215 1
122 2
1224 1
1243 2
1248 2
1249 1
1251 1
1255 2
126 3
1260 2
1269 2
1272 2
1273 3
1274 1
128 1
1295 1
1305 8
1321 24
1327 2
1328 3
135 1
1353 1
1359 1
1360 1
1370 2
138 4
1383 1
1387 8
139 6
1399 2
140 6
1400 5
1403 9
1405 3
1413 8
1424 3
1426 3
1434 4
1438 1
1450 1
1463 1
147 2
1470 1
1471 2
1475 44
1485 10
1487 2
1491 2
150 2
1500 1
1501 2
1513 7
1522 1
1540 1
1541 1
1563 1
1564 1
1567 1
1570 2
1571 2
1572 2
1601 2
1608 6
1610 1
1617 1
1633 1
1634 2
164 8
165 1
1666 1
1672 1
1679 13
1681 1
1686 1
1690 1
1692 1
1693 5
1716 4
173 4
1732 2
1740 1
1741 2
1744 4
1745 4
1749 3
1759 3
177 2
1779 6
178 3
1784 1
1787 1
1806 1
1825 1
1829 1
183 1
1833 2
1835 1
184 2
1849 14
186 6
1860 1
1861 4
1900 1
1922 1
1929 2
194 3
1946 6
1949 2
1956 1
1969 3
1971 1
1972 2
1976 3
1979 3
1996 1
202 2
203 2
2030 4
2037 2
2038 4
204 3
2043 1
2053 3
2055 1
2056 3
2058 4
2059 8
206 1
2061 1
2063 2
2068 6
2072 1
2076 2
208 1
2091 8
2093 3
2099 1
2113 1
2116 2
212 3
2127 6
2135 6
2139 1
214 19
2144 4
2155 3
2180 1
2182 2
2185 1
2186 9
220 3
2200 3
2211 1
2222 1
2229 1
223 4
2234 2
2237 1
2239 2
2240 1
2249 3
225 1
2256 1
226 5
2265 1
2267 1
2271 1
2277 5
2279 7
2282 8
229 1
2290 2
2299 1
230 2
2315 1
2317 1
2323 3
2335 19
2342 2
2349 2
235 1
2373 1
2375 1
2377 1
2383 1
2387 1
2388 1
2411 1
2431 1
244 20
248 1
2483 8
2484 8
2486 57
2496 2
2497 3
25 3
2500 1
2512 1
2518 1
2527 1
254 1
2542 1
2545 1
2546 1
255 1
258 4
26 1
2646 2
266 1
270 2
272 5
278 4
280 1
281 8
282 1
284 2
297 1
3 1
301 1
303 1
309 7
316 23
317 5
319 1
331 5
333 1
334 7
336 2
337 3
339 3
340 2
342 1
346 1
353 6
354 11
363 5
370 1
371 5
377 1
387 4
390 1
394 1
404 2
405 8
407 5
410 9
422 2
423 1
424 2
427 1
428 9
433 22
434 1
437 3
449 10
455 2
460 11
469 3
472 2
474 5
477 3
487 1
488 1
490 1
501 1
502 1
504 3
512 6
515 6
52 3
524 1
526 4
53 9
54 28
545 4
55 14
555 6
564 1
565 1
575 4
577 2
584 2
60 1
605 1
61 1
629 1
639 6
64 1
646 8
65 1
651 1
655 2
682 1
709 2
710 3
712 1
714 19
719 1
731 1
736 1
747 3
752 1
757 3
763 1
773 1
780 1
786 1
788 2
789 6
792 3
800 3
801 6
803 1
81 1
810 1
812 1
82 6
823 2
825 6
833 2
870 3
892 2
893 1
902 1
903 5
915 3
923 6
935 1
938 1
941 1
948 1
949 3
95 1
96 2
969 2
970 4
979 2
981 1
986 7
990 1
997 4
