10 1
1031 10
1043 3
1048 2
1057 1
1069 1
1073 2
1077 3
1079 2
1080 1
1097 1
1100 3
1107 1
1124 1
1155 1
1169 1
1178 3
1180 4
1188 2
1192 1
1216 1
1221 2
1248 1
1259 1
1306 2
131 1
1335 4
1340 10
1360 1
1363 1
1370 1
1378 2
138 1
1387 1
1398 1
1399 2
140 1
1403 3
1405 1
141 1
1424 1
1434 1
1445 1
1459 2
1475 6
148 1
1493 6
150 3
1500 1
1505 1
1513 1
1522 1
1532 1
1545 1
1548 2
1571 1
1572 4
158 1
1633 2
1634 2
164 2
1660 1
1679 4
1680 1
1686 1
1688 1
1704 3
1705 1
1724 1
173 3
1741 1
1760 1
177 2
178 4
1794 6
1800 1
1801 2
183 1
1911 32
1921 2
1946 2
1955 1
1956 1
1966 1
1976 1
1978 1
1994 2
1995 1
2016 1
202 2
2029 1
2030 2
204 5
2045 2
2063 1
2066 1
2074 1
2107 1
2116 1
2127 2
2156 2
2172 1
2196 1
220 1
2200 1
2208 1
2211 1
2218 1
2226 1
223 1
2234 1
2243 1
2270 1
2273 1
2275 1
2279 1
2312 1
2314 3
2375 1
2396 1
2399 1
2400 1
2401 1
2408 7
2412 1
2439 1
2447 1
2459 1
2463 1
2464 1
248 3
2486 35
2497 1
254 1
266 4
268 3
272 2
275 1
278 1
281 1
282 5
293 1
303 2
331 10
334 2
336 2
339 9
349 1
352 1
353 3
366 3
368 2
371 1
399 1
410 2
423 1
425 1
426 1
428 1
430 1
446 2
455 1
456 1
460 3
477 1
486 1
517 5
53 3
54 7
55 3
555 1
558 1
564 2
565 2
567 1
580 1
584 1
587 1
597 2
60 3
61 3
613 1
646 2
655 2
661 2
668 1
711 1
736 1
751 1
761 1
769 1
771 1
804 1
82 1
823 2
825 1
83 1
838 1
869 10
9 1
902 2
905 1
914 1
923 1
936 2
938 1
956 1
961 2
973 1
979 2
986 5
99 2
993 1
