1001 1
1008 1
1012 1
1021 3
1023 1
1031 1
1042 1
1043 14
1048 9
1056 1
1057 1
1067 1
1070 1
1074 2
1077 2
1079 1
1080 2
1089 3
1099 1
1103 1
1135 5
1178 3
1185 1
1189 4
1192 3
1195 2
1211 3
1214 1
1224 3
1226 3
1248 2
1255 1
1259 1
1272 2
1273 3
1274 1
1296 1
130 1
1306 1
1319 1
1321 24
1327 1
1330 2
1340 1
1351 1
1359 1
1360 1
1370 3
138 1
1388 2
139 4
1393 2
1397 1
1399 1
140 8
1400 1
1403 15
1409 2
1413 2
1432 2
1434 2
1438 1
144 4
1444 1
1462 1
1475 20
1477 1
1483 1
1485 6
1491 3
1505 1
151 1
1513 6
152 1
1521 1
1522 3
1530 1
1533 1
1540 4
1548 2
1550 1
1567 4
1570 4
1571 3
1572 2
160 1
1608 1
1611 1
1613 1
1616 1
1633 1
1634 5
1635 2
1639 1
164 5
1641 2
1645 1
1650 3
1652 1
1653 1
1670 2
1681 2
1682 1
1689 2
1716 1
1725 1
173 3
1739 1
1741 1
1744 9
175 1
1760 1
177 6
1771 1
1779 1
178 1
1784 1
1787 1
179 3
1798 2
1811 3
1815 1
1824 1
1825 1
1826 1
183 4
1833 2
1841 1
1847 1
1849 3
1852 1
1856 1
1859 1
186 2
1861 2
1864 1
1905 3
1917 1
1922 2
194 7
1946 9
1948 1
1950 1
1951 5
1960 1
1964 1
1972 2
1975 1
1976 4
2004 1
2005 1
2007 1
2016 1
2022 1
2029 1
203 3
2030 1
2038 6
204 2
2056 1
2058 1
2059 1
2060 1
2063 2
2064 1
2072 2
208 1
2093 1
2106 1
2107 4
212 5
2133 1
2135 7
2139 5
214 3
2143 1
2144 1
2148 1
2155 3
2157 2
2159 1
218 1
2186 6
220 4
2200 2
2226 1
2229 1
223 1
2232 1
2234 2
2239 1
2240 1
2249 2
225 1
2256 4
2271 2
2277 4
2279 1
2281 1
229 2
2299 3
2302 1
2304 3
2307 3
2315 1
232 1
2324 2
2335 7
2340 1
2347 1
2349 1
2352 1
2373 2
2375 1
2377 2
2383 1
2388 4
2391 1
2394 1
2395 2
2405 1
2432 1
244 31
2479 1
2486 58
2497 2
254 2
258 13
261 1
263 1
2633 8
270 1
272 2
273 1
277 1
278 1
280 1
281 5
282 1
294 1
302 2
310 2
316 8
318 2
319 4
323 1
331 7
336 4
337 1
339 9
340 5
343 1
349 3
354 5
366 5
371 1
390 1
395 2
399 1
405 2
409 1
410 3
430 3
431 1
433 22
434 2
449 1
455 4
459 2
460 8
465 2
472 1
474 5
475 1
477 1
487 6
489 1
502 1
512 1
525 1
526 1
53 4
530 1
54 12
55 10
555 1
564 3
565 7
575 2
584 1
60 1
600 4
61 1
611 2
622 1
624 2
627 1
629 1
639 4
64 1
646 2
647 1
65 1
651 4
655 2
669 1
672 1
676 1
710 4
712 3
714 6
730 1
731 5
735 1
747 3
757 1
771 2
773 2
780 1
783 1
786 1
789 2
790 6
792 3
795 1
796 1
797 1
800 3
801 1
802 1
803 1
810 1
82 3
823 4
825 2
852 1
870 1
892 2
896 2
902 3
903 7
915 5
936 1
938 2
941 4
946 1
948 1
949 5
950 1
951 1
954 4
96 1
961 1
966 2
977 1
979 4
98 3
981 3
986 5
987 1
990 1
997 3
