1001 2
1008 2
1018 1
1023 2
1029 2
1035 2
1042 8
1043 38
1047 1
1048 14
1050 2
1051 2
1057 5
106 2
1063 1
1064 1
1067 2
1068 2
1071 36
1077 3
1079 2
108 4
1080 2
1082 2
1085 3
1089 2
1094 2
1097 2
1105 2
1107 49
1118 1
1119 12
1123 2
1127 1
1134 2
1136 5
1143 2
1145 1
1155 2
1171 12
1174 22
1178 15
118 2
1185 2
1188 2
1189 15
1190 2
1192 6
12 2
1214 3
1215 1
1216 2
122 3
1223 6
123 1
1230 4
1232 2
1236 19
1239 2
1243 2
1248 1
1255 1
1258 1
126 3
1267 2
1271 2
1272 2
1273 3
1274 2
1289 1
1301 4
1302 1
1305 2
1321 2
1327 3
1329 2
1330 10
1333 2
1335 6
1336 2
1340 10
1360 2
1376 2
138 2
1383 2
139 2
1393 6
1395 4
1399 19
140 7
1400 9
1403 10
1409 8
1413 1
1426 2
1433 2
1434 8
1438 1
144 15
146 2
147 4
1470 4
1471 2
1475 34
1478 4
1485 2
1501 4
151 2
1513 2
1522 4
1528 1
1565 6
1567 2
1571 1
1572 4
1587 6
16 6
1601 5
1605 2
1620 22
1633 2
1634 4
164 2
1656 2
1679 6
1681 4
1687 3
1688 1
1689 3
1699 2
17 5
1705 2
1709 2
1716 18
173 5
1733 2
1734 3
1743 2
1744 4
1747 2
1757 2
1778 1
178 6
1787 5
179 4
1791 4
18 3
1811 3
1814 2
1825 2
183 3
184 15
1841 2
1845 4
1847 2
1849 3
1858 2
1864 1
1873 1
1883 14
1895 4
19 6
1900 4
1901 29
1905 11
1906 2
1923 1
194 8
1942 14
1946 13
1947 1
1948 1
1955 12
1958 2
1961 2
1962 2
1966 3
1972 8
1976 5
1978 3
1979 3
1988 2
1989 3
199 2
1994 4
1996 1
20 2
2013 4
202 4
2024 2
2030 1
2034 2
2038 1
204 2
2044 4
2055 2
2058 4
2063 5
2065 2
2066 2
2072 1
2073 2
2077 2
2079 2
208 2
2091 2
2093 6
2104 2
2107 4
2108 2
2116 5
212 6
213 7
2135 1
2144 2
2154 1
2155 4
2156 6
2167 1
2169 3
2173 2
218 2
2182 3
2186 8
2196 2
220 1
2208 2
223 3
2232 2
2234 3
2239 1
2240 8
225 6
2250 2
2271 2
2273 2
2275 2
2278 2
228 2
2282 2
2284 8
2299 4
23 1
2305 14
2317 2
233 4
2349 2
2360 19
2361 2
2371 1
2372 4
2373 2
2375 2
2385 2
2388 1
2391 2
2395 2
2401 2
2411 2
2415 2
2425 2
2431 15
2432 1
2468 6
2469 1
2482 2
2486 79
2489 3
2497 6
251 1
2524 1
2528 1
2530 1
2534 1
254 3
2540 2
255 2
256 1
258 4
2600 5
2613 2
2614 2
2625 1
264 2
265 5
267 2
270 2
272 1
277 3
278 2
281 5
282 12
297 2
302 6
319 1
329 3
331 12
336 5
337 4
339 13
340 4
343 7
353 2
365 2
366 6
368 6
371 2
382 2
386 1
395 5
399 3
402 3
405 12
408 3
410 7
417 2
421 4
423 4
427 1
428 5
433 17
434 2
438 2
441 10
444 2
446 2
449 15
455 12
456 4
459 5
460 9
466 5
472 2
474 2
477 2
479 2
487 22
500 2
503 2
504 4
512 3
515 2
524 4
526 2
53 23
535 2
54 13
55 32
554 2
555 1
559 4
564 4
565 8
575 9
577 8
578 2
584 4
597 4
60 3
605 12
61 3
613 11
622 4
629 18
639 2
64 1
65 1
661 7
668 2
688 2
689 2
699 2
709 6
710 3
721 2
731 2
743 3
745 4
749 7
760 2
771 4
773 2
779 1
789 16
799 2
800 3
801 3
802 2
804 2
805 2
82 3
827 3
837 22
84 2
85 12
851 6
870 2
88 1
882 2
887 2
893 4
896 5
90 2
900 2
903 4
907 2
914 2
915 5
923 9
926 4
935 1
938 6
948 3
949 6
954 3
960 3
963 2
966 1
97 4
978 2
981 2
983 2
986 7
988 2
989 4
990 9
997 2
998 6
