1001 1
1008 2
1014 1
1019 1
1021 1
1035 1
1042 3
1043 1
1048 7
1069 1
1073 1
1089 1
1096 1
1155 1
1169 1
1177 3
1182 3
1189 11
1207 1
1213 1
1217 2
1224 1
1230 1
1243 1
1271 1
1285 1
1301 1
1302 1
1321 1
1326 2
1327 2
1330 1
1333 3
1340 4
1372 1
139 2
1399 1
1413 1
1421 2
1450 1
1459 1
146 2
1475 16
150 2
1500 2
1513 2
1540 1
1541 1
1548 1
1571 4
1572 3
1599 3
1606 15
1623 1
1633 3
1634 3
1656 1
1670 3
1679 2
1681 1
1686 1
1716 1
172 1
173 1
1732 1
1734 1
1745 1
175 1
177 2
1779 3
178 1
1811 1
1827 2
183 2
1833 2
184 2
1872 1
1878 5
1882 1
1911 4
1922 2
1930 1
1946 3
1966 2
1994 2
2029 4
203 1
204 3
2069 16
2071 1
2110 3
2113 1
2130 1
2135 1
2169 1
2173 2
218 1
2229 1
2232 1
2234 1
2240 4
225 1
2256 2
2271 1
2284 1
2295 1
2305 1
2317 1
2323 2
234 1
2361 4
2373 2
2389 1
2392 1
2393 1
2395 2
2396 1
2399 3
240 1
2402 1
2403 1
2432 2
2476 1
2486 29
2489 1
254 2
255 2
263 1
268 1
270 2
271 1
273 1
280 4
281 1
282 2
284 1
293 1
297 1
302 2
309 2
310 1
331 5
334 1
336 1
337 1
339 6
342 1
349 2
353 2
354 10
357 1
363 1
366 2
368 1
371 1
377 1
382 1
395 1
405 1
407 1
408 1
410 5
428 4
430 1
433 3
434 1
440 1
455 5
459 5
460 6
469 1
474 1
481 1
487 1
512 4
515 2
53 7
535 1
54 1
55 10
555 1
558 3
565 2
575 3
580 1
581 1
585 2
60 2
61 2
611 1
613 1
628 1
629 1
639 1
64 1
646 1
65 1
651 2
655 6
659 1
661 3
672 2
688 4
706 1
710 1
743 9
760 1
773 1
792 4
799 1
801 1
803 1
804 1
810 1
811 2
82 1
823 5
83 1
839 1
869 4
898 1
900 1
903 2
907 1
914 1
923 2
926 5
936 1
949 2
95 3
954 1
961 1
966 1
970 1
986 5
990 3
993 1
