1001 1
1003 1
1018 1
1031 1
1035 2
1037 1
1042 1
1043 7
1048 9
1049 1
1050 1
1059 1
1069 2
1074 2
1079 5
1080 2
1081 4
1082 1
1084 1
1089 1
1094 1
1095 1
1096 1
1110 1
1118 1
1122 3
1124 1
113 5
1135 1
1143 1
1178 4
1185 2
1198 1
1199 4
123 2
1239 2
1243 1
1255 1
1259 2
1271 1
1272 1
1273 2
1276 1
128 1
1287 1
1289 5
1303 16
1306 2
1321 4
1327 2
1328 2
1330 6
134 2
1340 3
1353 1
136 2
1370 2
1372 8
1378 1
138 1
1380 2
1387 3
139 5
1399 15
140 6
1403 3
1405 2
141 1
1413 1
1421 1
1431 1
1432 1
1438 2
1439 31
144 1
1442 18
1450 1
1459 1
1465 2
1470 2
1475 22
1485 5
1486 2
1487 1
15 1
150 2
1503 2
1506 1
1512 1
1513 2
1521 1
1522 2
1530 1
1540 4
1543 4
1563 1
1564 1
1571 1
1572 9
1587 1
1592 2
1608 2
1620 2
1631 1
1633 8
1634 2
164 1
165 1
1656 1
1658 13
1660 1
1662 1
1670 1
1673 1
1678 1
1679 4
1680 1
1681 1
1682 1
1690 3
1694 1
17 1
1716 2
1726 1
173 4
1740 2
1744 2
1757 1
1761 2
178 3
1787 4
179 1
18 1
1825 1
183 3
1833 2
184 6
1840 1
1845 3
1847 1
1849 3
1856 1
1859 4
186 1
1870 3
188 1
1882 1
1883 1
1886 1
1895 7
1905 2
1911 2
1922 1
1923 11
194 2
1941 1
1946 11
1955 3
1956 2
1957 12
1959 3
1960 1
1966 5
1972 1
1976 1
1979 2
1988 1
199 1
1990 1
1994 2
1995 1
200 1
2016 1
202 4
2022 1
2024 3
2029 2
2030 4
2037 1
2038 2
204 3
2042 2
2046 1
2048 1
2055 1
2058 1
2060 14
2063 3
2073 1
2075 1
2077 3
208 2
2080 1
2091 3
2094 1
2098 4
2107 4
2108 2
2116 1
2118 1
212 1
2135 1
214 1
2155 1
2157 2
2173 2
2176 1
2177 1
218 1
2181 1
2186 1
2196 1
220 2
2200 2
2207 4
2215 1
2224 1
2225 1
223 4
2232 4
2239 1
2240 11
225 4
2256 5
2267 1
2268 10
2271 22
2290 1
2295 2
2296 3
23 1
2300 2
2312 2
2315 1
2323 3
2329 1
233 2
2349 1
2352 1
2353 1
2367 1
2373 1
2377 2
238 2
2385 1
2388 1
2389 1
239 1
2393 1
2412 1
2415 2
2428 3
2431 1
2432 1
2460 1
2468 2
248 2
2486 62
2489 2
2497 1
252 1
255 4
256 3
258 5
259 1
2602 1
2604 1
2608 1
261 1
2616 4
264 2
270 3
272 1
273 2
278 3
280 1
281 1
282 8
284 2
291 1
293 1
295 1
301 1
302 1
310 4
319 1
323 4
326 2
331 3
334 1
336 3
337 1
339 4
340 3
342 1
349 5
353 2
354 8
363 1
366 3
370 4
384 3
395 1
399 2
402 9
404 3
405 6
410 6
421 3
423 1
428 5
430 1
433 6
434 3
438 2
439 3
440 1
441 1
446 2
453 2
455 1
459 1
460 8
465 14
471 1
474 3
481 4
487 6
488 1
502 1
504 4
512 6
525 1
53 9
532 2
535 2
54 17
541 1
55 16
553 1
555 14
564 2
565 1
570 1
575 1
577 1
582 2
584 2
591 1
597 1
60 7
600 2
606 2
61 7
618 1
630 1
639 7
64 1
646 4
65 1
655 5
670 1
689 1
709 1
710 6
712 2
713 1
736 4
743 2
747 4
753 1
754 1
760 1
762 1
766 1
771 1
783 1
784 1
786 4
788 1
789 3
795 1
798 1
800 2
801 4
802 4
803 3
804 1
808 1
811 4
816 1
82 1
823 1
824 1
825 1
859 1
863 1
870 1
887 1
892 2
893 2
895 2
899 1
900 7
902 1
903 9
911 3
914 4
924 1
926 1
938 3
94 1
941 4
948 2
95 1
951 1
953 1
954 1
955 1
960 1
961 2
963 1
966 1
979 2
98 5
981 1
984 1
986 5
989 1
996 1
997 2
