1001 1
1005 10
1023 1
1031 2
1036 1
1037 12
1043 7
1048 3
1051 1
1052 3
1055 1
106 1
1066 3
1067 1
1073 1
1074 1
1079 1
108 1
1082 1
1089 1
1102 5
1119 1
1135 5
1142 1
1178 5
118 1
1185 1
1189 6
1190 1
1192 2
1198 1
1211 1
1212 1
1214 1
1230 2
1243 1
1255 1
1271 1
1273 1
1296 1
1299 1
1301 1
1305 1
1321 1
133 1
1330 2
1334 1
1335 28
1336 1
1343 1
1348 2
135 1
1352 1
1369 1
1370 2
138 1
1380 3
1383 1
1387 1
139 1
1399 4
140 5
1403 4
1405 1
1413 4
1417 1
1432 1
1434 3
1436 1
1437 1
144 2
1447 1
145 1
1459 2
1462 2
147 2
1470 3
1475 4
1478 3
1485 1
1487 1
1491 2
150 1
1505 1
1513 1
1545 5
1550 2
1556 1
1564 1
1567 1
1570 1
1571 1
1572 1
1578 1
1601 4
1604 2
1620 1
1625 2
1635 1
164 1
165 1
1656 1
1679 3
1680 8
1681 1
1687 3
1689 1
1690 1
1705 1
1716 2
173 2
1740 1
1741 1
1744 3
1745 1
1759 2
1760 3
178 1
1788 1
1791 1
1819 1
1825 1
1829 1
1849 4
1873 1
1883 10
1889 1
1900 2
1905 1
1921 4
1922 5
1927 1
1928 1
1933 1
1935 1
194 5
1946 5
1956 2
1958 1
1960 1
1964 1
1966 1
1969 1
1972 2
1976 2
1978 2
1995 1
1998 1
2010 6
2011 1
2024 2
2037 2
204 2
2058 6
2063 2
2066 1
2071 1
2076 6
2077 1
208 3
2091 1
2107 1
2116 1
2132 1
2135 1
2155 4
2163 1
2171 1
218 1
2186 3
2200 1
2211 3
223 1
2234 1
2237 1
2239 1
2240 11
2257 1
2269 1
2271 1
2273 1
228 3
2282 1
229 2
2296 4
2307 1
2315 1
2316 1
232 1
233 2
2349 1
2383 1
2385 1
2388 1
239 3
2411 6
2414 1
2431 1
2432 13
2460 1
2479 1
2486 32
2489 1
2496 1
2497 4
254 2
258 6
261 3
263 4
271 1
272 6
277 1
278 1
286 1
291 2
306 1
307 1
319 1
331 5
334 8
336 2
337 2
339 6
342 2
349 4
352 1
353 2
354 10
363 2
366 1
371 3
376 1
377 3
378 1
387 1
395 1
399 1
403 1
405 5
408 3
410 4
424 1
428 3
430 2
434 2
438 1
451 1
456 1
459 2
460 1
466 7
469 1
472 1
474 1
481 1
487 4
496 1
504 1
512 3
524 1
526 2
53 6
535 3
54 10
55 10
564 1
565 2
566 1
575 5
577 2
582 6
584 1
60 3
600 1
605 2
61 3
624 1
629 1
639 2
64 1
642 1
646 2
65 1
658 1
660 1
669 1
672 1
688 1
709 2
710 1
719 1
726 1
730 1
731 3
736 1
743 2
747 1
749 1
769 1
771 2
789 6
792 1
795 2
797 1
799 1
800 5
801 1
803 5
811 2
822 8
833 1
854 1
892 2
899 1
903 6
907 1
911 1
923 6
926 10
938 1
939 1
941 3
948 8
949 2
951 2
966 3
970 1
984 1
986 1
989 2
990 1
997 4
