1001 1
1022 1
1031 4
1037 1
1042 1
1043 5
1047 3
1048 3
1074 1
1077 2
1079 1
108 1
1082 1
1096 1
11 2
1102 1
1107 2
1111 1
1127 1
1132 4
1135 6
1145 1
1167 2
1178 12
1211 1
1216 1
1239 1
126 2
1273 1
130 2
1305 6
1330 1
1336 1
1340 6
1341 2
1353 2
138 7
1389 7
1399 13
14 1
1403 2
1405 1
141 2
1413 2
1415 3
1438 2
144 4
1457 9
146 1
1471 1
1475 23
1485 3
15 1
150 2
1513 5
1519 2
1570 21
1572 3
16 2
1601 9
1606 2
1611 1
1620 6
1633 1
1634 8
1637 1
164 18
1656 14
1681 1
1682 1
1686 2
1689 3
17 4
173 2
1744 5
1745 7
1749 2
177 1
1770 2
1773 1
178 3
179 1
1806 1
183 1
1833 1
1847 5
1849 1
186 1
1868 5
1896 3
19 1
194 1
1944 3
1946 8
1955 1
1966 2
1972 1
1976 5
1994 3
2001 2
2007 3
202 9
2024 5
2030 3
2036 2
2038 1
204 6
2053 1
2063 1
2066 1
2085 16
2092 1
2107 3
2108 3
2113 1
2118 1
2155 2
2186 2
220 2
2226 1
2234 3
2240 1
225 2
2273 3
228 1
2282 6
2316 10
232 2
2347 1
2349 6
2352 2
2355 2
2369 2
2373 2
2385 1
239 1
2393 4
2411 1
2428 10
2432 3
2486 34
2489 2
2496 3
2497 2
2498 2
254 2
255 7
2608 1
2628 2
2629 2
263 2
266 1
270 4
271 1
273 1
278 2
281 5
282 2
291 1
300 2
302 6
310 1
331 14
334 3
336 1
337 1
339 3
350 1
353 4
354 6
366 4
368 1
371 4
377 2
395 2
402 2
405 1
408 2
410 5
424 2
430 3
431 1
433 3
446 2
453 1
455 5
459 5
460 6
473 3
481 3
487 4
49 4
504 2
512 2
515 1
53 11
54 19
55 13
564 2
565 2
575 14
577 2
60 6
600 2
61 6
64 1
646 3
65 1
651 1
655 1
661 1
672 1
706 26
709 1
710 4
712 2
719 1
743 43
747 7
753 1
786 5
789 7
790 5
791 1
792 3
796 1
800 3
801 2
802 1
82 4
823 5
84 1
870 3
899 3
900 6
907 1
915 1
924 1
938 1
941 2
948 12
949 6
95 1
951 3
954 4
971 1
986 7
989 1
990 4
