1001 1
1007 1
1023 2
1031 5
1035 1
1037 2
1043 8
1046 1
1047 3
1048 7
1056 3
1057 2
1069 1
1073 2
1077 3
1079 1
108 1
1080 4
1089 1
1097 2
110 1
1102 2
1105 3
1107 2
1111 4
1112 1
1117 1
1128 2
1130 1
1135 1
1178 6
118 1
1181 1
1185 1
1192 1
1195 4
1199 1
1216 1
1272 1
1273 2
129 1
1292 1
130 5
1300 1
1321 3
1327 3
1340 1
1341 1
1360 4
1362 1
1370 3
1380 4
1387 2
1393 1
1399 3
1403 14
141 1
1413 1
1426 1
1434 1
144 2
146 1
147 1
1475 27
1485 1
15 1
150 2
1500 1
1504 9
1513 2
1521 1
1522 2
1526 1
153 1
1532 1
1540 2
1548 1
1559 1
1567 2
1569 1
1572 3
1587 1
1592 1
16 2
1603 1
1611 2
1620 3
1634 3
1672 1
1679 2
1682 2
1686 4
1688 1
1699 1
17 1
1705 1
1716 3
1724 1
173 4
1730 1
1741 3
1747 1
1757 1
1773 1
1779 3
178 4
1793 1
1825 9
183 3
184 1
1840 1
1847 9
1848 1
1849 1
1857 1
186 2
1883 2
1895 3
1909 1
1917 2
1918 4
1922 1
1930 1
1937 1
1946 10
1953 4
1955 1
1956 8
1958 1
1967 1
1968 1
197 1
1972 1
1976 1
1978 5
199 1
1994 1
2007 3
2024 5
2029 2
2030 5
2034 1
2035 1
204 2
2046 1
2053 3
2058 1
2064 1
2077 1
2091 1
2093 2
2101 20
2107 6
2113 2
2116 2
2123 1
2129 1
2148 1
2152 1
2153 9
2155 5
2157 2
2173 2
2181 1
2192 1
22 1
2220 1
2226 1
223 4
2234 1
2237 1
2240 1
225 1
2271 5
2273 1
2277 1
228 1
2288 3
2290 8
2291 1
2299 1
2315 1
2323 1
2328 1
233 3
2341 1
2347 1
2375 1
2379 23
2381 2
2383 1
2388 2
239 1
2394 1
240 1
2415 2
2431 2
2432 1
248 1
2486 50
2489 1
2498 1
2538 1
254 1
258 1
2600 1
2602 1
261 1
2617 1
2626 1
266 1
270 4
272 3
277 1
278 3
280 11
281 2
282 3
295 1
302 6
306 1
310 4
319 2
331 6
336 5
337 2
339 13
342 2
349 1
354 6
363 3
366 4
368 1
370 1
371 4
382 1
386 2
387 1
39 1
395 3
399 2
402 6
405 8
410 8
413 1
416 1
423 2
428 1
430 4
433 22
436 1
446 4
451 1
455 1
456 2
459 1
460 8
465 2
466 4
473 2
474 2
475 2
488 1
500 1
502 1
504 2
512 2
515 1
526 3
53 7
54 3
55 11
555 3
558 1
564 5
565 1
575 5
577 1
582 1
584 2
591 2
60 4
600 3
61 4
613 2
629 5
639 3
64 1
640 1
646 3
647 3
65 1
651 1
655 1
661 3
665 1
709 1
710 2
714 1
718 6
720 19
736 1
743 3
747 1
749 1
752 1
768 1
771 1
773 2
780 7
786 1
789 2
790 4
800 3
801 1
823 1
837 1
84 1
852 2
87 1
899 2
900 5
903 3
907 5
911 2
923 2
929 1
93 1
937 2
938 2
948 4
949 2
95 1
954 1
96 1
961 2
966 4
973 1
979 1
986 13
990 4
991 1
997 2
