1001 2
1018 1
1041 1
1042 2
1043 5
1047 1
1048 6
1055 1
1057 1
1067 2
1073 3
1074 2
1077 7
1079 2
1081 2
1084 1
1089 1
1096 2
1097 1
1099 1
110 1
1102 3
1107 1
1118 1
1122 1
1126 1
1127 2
113 1
1135 1
1143 1
1178 1
1185 1
1192 1
1194 1
1207 13
1217 2
1266 1
1276 1
1321 5
1326 1
1330 2
134 1
1340 1
138 5
1383 1
1387 5
139 1
1399 6
140 1
1413 1
1421 1
1430 1
1434 1
1439 20
1442 10
1453 1
1457 1
147 2
1475 22
1483 10
1485 7
150 3
1513 1
1540 4
1541 1
1567 2
1572 4
1587 1
1608 5
1633 4
1634 2
164 3
1672 5
1679 4
1704 1
1705 2
1709 1
173 3
1744 3
177 1
178 4
1791 1
183 2
1833 2
1838 1
184 4
1858 1
186 2
1883 9
1905 4
1910 3
1923 5
1932 1
1939 1
1946 5
1955 2
1957 5
1959 1
1960 1
1964 1
1966 3
1975 2
1994 2
2024 1
2026 1
2029 5
2030 1
204 4
2051 1
2058 1
2059 2
2060 2
2077 2
2091 1
2093 1
2107 1
2113 1
2116 2
2145 3
2148 2
2174 1
223 3
2240 3
225 5
2268 6
2274 2
228 4
2295 3
2296 6
2307 2
2319 1
232 2
2330 1
2355 10
2373 1
2375 1
2377 4
239 4
2395 1
2415 1
2432 8
2470 1
2481 1
2486 47
2489 1
2497 1
251 1
2523 1
2529 1
2531 1
2532 1
2533 1
2535 1
2537 1
2539 1
256 4
2600 1
2606 1
2608 1
261 2
2610 1
2611 1
2618 1
2619 1
2620 2
2621 2
2622 1
2623 1
2624 1
266 1
270 1
273 2
279 1
281 2
282 9
331 2
336 3
337 4
339 2
353 2
354 6
366 4
382 1
395 5
399 1
402 3
405 1
408 2
410 3
421 1
428 3
430 3
433 5
456 7
460 3
465 28
466 6
512 1
524 5
526 1
53 5
535 2
54 19
55 9
555 8
564 5
565 2
575 1
577 1
60 5
600 2
61 5
615 1
639 1
64 1
646 2
65 1
655 4
661 3
665 4
709 1
710 3
713 1
714 1
725 1
731 1
743 2
747 5
757 1
785 1
789 1
790 1
801 1
802 1
803 1
808 1
82 2
822 2
823 1
834 1
85 1
870 1
903 1
905 1
914 3
915 1
923 9
924 4
93 2
941 1
948 1
949 2
957 1
970 1
974 1
976 1
979 2
986 5
990 15
997 1
