1001 1
1022 2
1031 2
1043 2
1046 1
1048 2
1056 1
106 3
1074 3
1079 2
108 1
1097 3
1106 1
113 1
1132 1
1135 2
1178 3
1259 2
1273 1
1274 2
1300 7
1327 1
1340 2
1363 1
138 1
1380 7
1399 2
1403 1
141 1
1426 1
1438 3
145 1
147 1
1471 1
1475 6
1486 1
1504 1
1513 1
1550 1
1558 1
1567 5
1570 1
1571 1
1572 1
1608 3
1620 5
1633 3
164 1
1670 5
1686 2
1689 1
1690 2
1705 1
1709 1
1718 1
172 1
1740 2
1741 8
1744 1
1745 1
1747 4
175 1
1776 2
178 2
179 2
1819 1
1825 9
1826 3
1833 2
1841 1
1847 13
1849 2
1905 2
1909 8
1930 8
1946 2
1956 2
1966 3
1976 3
1994 3
2007 2
2024 6
2030 4
2038 1
204 2
2053 2
2063 1
2064 2
2071 2
2072 1
2079 1
2101 16
2107 1
2110 5
2113 2
214 1
2153 3
2155 4
2156 1
2181 1
2190 4
220 1
2234 3
2240 1
225 1
2271 2
2273 2
229 1
2315 1
2379 14
2388 2
2393 2
248 1
2483 2
2484 2
2486 28
2496 1
254 2
256 1
258 1
261 1
264 1
270 1
271 1
277 1
282 1
286 1
296 2
302 2
312 1
319 1
331 13
333 1
334 2
339 3
349 1
353 2
354 9
365 5
368 1
371 1
377 1
380 1
402 1
405 1
410 3
424 1
428 2
430 4
433 11
438 1
455 2
459 2
460 3
466 2
488 2
493 4
504 2
512 1
526 8
53 5
535 2
54 9
55 8
558 1
564 3
565 1
575 3
577 4
580 1
591 1
60 1
61 1
622 2
624 1
629 2
634 1
639 2
64 1
647 1
65 1
651 1
655 2
670 1
712 1
719 1
720 4
743 16
747 2
786 4
789 3
792 2
800 1
801 1
802 7
852 1
863 1
899 2
900 8
907 4
938 3
941 1
948 3
949 1
951 4
973 1
977 1
979 1
981 4
986 2
988 2
990 9
