1001 1
1018 2
1023 1
1028 1
1031 2
1034 1
1037 2
1042 1
1043 3
1048 19
1051 1
1057 5
1067 1
1069 3
1070 1
1074 5
1076 2
1077 8
1079 2
108 1
1089 5
1094 7
1097 8
1111 1
1126 1
1135 2
1143 1
1145 1
1152 3
1155 1
1178 11
1185 11
1189 14
1190 1
1192 7
1195 3
1198 1
1211 1
122 1
1224 8
1226 1
1232 2
1239 2
1248 1
1250 1
1251 1
1255 7
1256 1
1259 2
1271 1
1273 10
130 1
1306 1
1321 37
1327 2
1330 19
134 3
1340 13
1348 1
1370 18
1374 1
138 8
1380 1
1387 1
139 1
140 5
1403 9
1407 1
1413 11
1414 1
142 1
1424 1
1426 6
1427 1
1429 1
1432 3
1434 4
144 7
145 1
1475 57
148 1
1485 1
1491 2
150 10
151 4
1512 1
1513 4
1518 1
1522 3
153 1
1561 1
1570 1
1571 18
1572 5
1595 1
1601 1
1606 1
1608 4
1616 1
1624 1
1634 13
1635 1
164 6
165 1
1650 3
1652 6
1656 2
1660 1
1670 1
1672 3
1678 1
1679 7
1681 8
1686 7
1688 1
1690 1
1705 2
1709 1
1716 2
1724 2
1725 2
173 1
1741 1
1744 1
1745 3
1759 3
1761 4
177 2
1770 1
1778 1
178 3
1784 1
1785 1
1788 1
179 12
1791 1
1798 1
180 1
1809 1
1811 1
1817 1
1824 1
1825 1
183 2
184 4
1845 2
1847 3
1849 2
1858 1
186 9
1861 4
1867 1
1876 1
1905 14
1917 1
1921 1
194 7
1946 9
1950 1
1951 1
1955 3
1956 1
1972 2
1976 2
1978 1
1979 1
1988 1
1990 1
1991 1
1994 2
1996 2
1998 1
2007 4
2008 1
2012 3
2014 1
2024 1
2029 1
203 4
2030 9
2038 10
204 4
2042 4
2050 1
2053 2
2058 13
2059 6
2063 8
2064 2
2066 1
2071 3
2076 2
2079 1
2082 1
2085 2
2093 3
2101 1
2102 1
2104 1
211 1
2113 1
2119 2
2128 1
2135 6
2138 1
2139 1
214 8
2143 2
2144 1
2150 1
2154 1
2155 2
2157 7
2159 1
2173 1
2174 1
2186 36
220 3
2211 2
222 1
2229 1
2234 4
2237 2
2239 13
2249 4
2252 1
2254 1
2256 15
2267 3
2268 1
2273 1
2277 4
229 2
2292 2
2299 1
2303 1
2304 8
2306 1
2307 1
2315 2
2317 5
2333 5
2335 12
2340 2
2347 3
2349 1
2373 9
2375 1
2382 1
2388 4
2391 1
2393 1
2395 2
2411 1
2415 1
2431 1
2432 1
2434 1
244 22
2443 1
2468 2
247 1
2471 1
248 8
2486 106
2497 1
2498 1
251 1
255 1
256 1
258 2
261 1
263 10
264 5
270 1
272 6
273 1
278 6
281 11
282 1
295 2
301 1
302 1
306 1
316 2
317 1
319 4
323 1
331 11
336 12
337 1
339 21
340 1
342 1
343 1
349 5
353 24
354 11
355 1
356 2
359 2
362 1
366 1
368 1
370 8
380 1
387 1
390 2
402 1
404 1
405 15
408 3
409 2
410 12
421 3
424 1
428 2
430 4
433 25
434 5
435 2
449 1
452 1
453 4
455 3
459 2
460 16
461 2
465 1
466 3
472 1
473 3
474 1
476 1
487 19
488 2
502 1
504 2
512 1
518 1
521 1
524 1
526 7
529 1
53 9
532 1
54 6
55 16
550 1
555 1
565 10
570 2
573 1
575 1
578 1
584 2
60 1
600 4
605 1
608 1
61 1
618 1
619 2
624 1
627 1
629 3
634 1
639 6
646 3
647 1
651 2
652 1
655 6
658 1
669 3
672 2
680 1
682 1
684 1
689 2
709 2
710 1
712 2
714 6
719 2
731 3
736 1
743 4
745 1
747 7
757 7
759 1
760 1
763 1
767 2
769 1
773 2
785 1
786 3
788 1
789 7
795 1
798 1
800 4
803 2
808 2
819 2
82 12
835 1
836 1
84 1
852 3
860 1
865 1
870 1
890 1
892 2
902 3
903 15
907 1
915 31
938 5
940 1
941 2
946 1
948 2
949 14
95 1
951 1
952 1
954 1
956 1
96 1
966 1
97 1
970 2
98 6
986 10
997 12
