1001 4
1018 2
1021 1
1029 1
1031 2
1035 1
1037 3
1042 4
1043 18
1047 1
1048 9
1051 1
1056 1
1057 5
1059 1
1065 1
1074 2
1077 1
1079 4
1080 1
1089 3
1097 1
1099 3
1103 1
1105 1
1127 1
1135 1
1143 1
1178 2
1181 2
1189 3
1195 1
1198 2
1211 6
1215 1
1224 7
124 2
1255 1
1259 1
126 2
1269 1
1273 1
1321 26
1327 3
1330 3
1348 1
135 1
1370 3
1378 1
138 2
1388 1
139 1
1399 1
140 11
1400 1
1403 10
1405 1
1413 3
1432 2
1434 1
144 3
146 3
1471 5
1475 20
1485 1
1487 1
1491 1
150 3
1506 2
151 1
1513 1
1522 1
1540 8
1543 2
1567 9
1570 6
1571 3
1572 2
1608 2
1610 3
1620 1
1633 1
1634 4
164 8
1640 1
165 1
1650 3
1653 1
1670 2
1682 1
1688 1
1689 4
1705 1
1716 2
1725 5
173 1
1744 6
1745 1
1759 1
1761 4
177 2
1773 1
1779 1
178 3
1784 6
1787 1
1791 1
1811 2
1815 1
1819 3
1825 5
1826 3
183 2
1833 6
1847 7
1849 2
1856 2
186 6
1863 1
1894 3
1895 2
1904 1
1905 2
1922 1
1929 2
194 2
1944 3
1946 3
1950 2
1951 1
1956 1
1966 1
1969 5
1972 1
1976 1
2004 3
2007 3
2024 6
203 3
2030 5
2038 6
204 2
2056 3
2058 1
2059 4
2063 3
2068 4
2070 2
2072 3
2079 1
208 1
2091 1
2107 5
2116 2
212 3
2135 2
2139 4
214 5
2155 2
2157 1
2182 2
2186 4
2192 1
2198 1
220 1
2200 1
2206 2
2208 1
2211 3
2226 2
223 1
2234 1
2239 2
2240 1
225 1
2256 11
2267 1
2271 4
2273 1
2277 5
228 1
2290 3
2292 3
2299 1
2300 2
2304 3
2323 1
2324 1
233 1
2333 2
2335 7
2347 1
2352 2
2354 2
2361 1
2373 1
2377 1
238 1
2383 1
2389 1
2396 1
242 1
2420 1
2428 1
2431 1
2432 4
244 20
2483 1
2484 1
2486 49
254 4
2548 1
258 11
263 1
2633 2
272 1
273 2
277 2
278 2
280 1
281 1
282 1
286 1
295 2
302 2
307 1
310 2
316 3
331 6
334 2
337 2
339 4
342 1
343 1
349 4
353 3
354 7
363 4
366 5
370 1
371 2
387 7
399 1
40 1
402 2
405 4
410 2
422 2
423 1
425 5
427 1
430 1
433 24
438 1
446 2
455 5
459 2
460 6
473 5
474 3
487 7
490 2
496 1
504 1
512 4
525 2
526 1
53 5
54 8
545 1
55 13
564 3
565 3
575 2
60 1
600 2
61 1
611 2
619 2
622 1
629 2
639 3
64 1
646 1
65 1
655 4
665 1
669 1
671 1
672 2
709 1
710 3
712 1
714 7
727 1
731 10
747 6
753 1
757 2
769 1
780 1
785 2
786 1
789 10
790 1
791 1
797 3
800 1
801 5
802 2
803 1
818 1
825 1
834 2
852 3
870 4
877 1
897 2
900 1
903 7
907 1
924 1
926 1
938 1
948 1
949 10
951 1
954 4
956 1
96 1
961 1
966 3
969 1
970 2
979 1
981 2
987 2
990 1
997 7
