1001 2
1031 2
1037 1
1042 1
1043 6
1047 7
1048 1
1055 1
106 1
1063 1
1067 3
1068 1
1079 3
1086 4
1089 1
1094 4
1107 1
1127 2
113 1
1135 1
1143 1
1155 3
1173 3
1174 2
1178 4
1185 4
1189 1
1214 1
1259 2
1272 1
1274 3
1286 7
1301 1
1321 1
1328 3
1330 2
1340 3
1341 2
1350 16
1370 1
1376 3
138 1
139 3
1393 2
1394 1
1399 1
140 3
1409 3
141 3
1417 3
1426 3
1432 1
144 1
145 3
1459 1
146 5
147 1
1471 1
1475 24
1476 1
1478 1
1485 6
1487 1
150 2
1513 1
1519 1
155 1
1563 1
1564 3
1567 1
1571 2
1608 3
1613 2
1620 7
1633 3
1634 3
1637 1
1645 1
165 1
1660 1
1670 1
1672 5
1686 1
1705 1
173 1
1734 1
1759 1
1779 2
178 1
1811 1
1823 1
183 2
1832 1
1833 1
184 8
1840 1
1841 1
1843 1
1849 3
1864 6
1869 2
1882 7
1889 1
1894 1
1895 2
1899 4
1900 1
1905 1
1909 4
1927 1
1946 6
1951 1
1955 6
1957 5
196 1
1964 1
1966 3
1972 2
1976 7
1978 1
1979 2
1994 1
2005 1
2006 5
2027 1
203 1
204 1
2041 1
2044 1
2055 2
2058 4
2059 1
2062 1
2063 2
2065 1
2066 1
2072 1
2073 1
2148 1
2157 1
2186 1
2222 1
2226 1
223 1
2234 4
2239 3
2240 3
2245 1
2249 7
225 12
2261 8
2262 1
2273 1
228 4
2284 1
2285 1
2288 3
229 5
2290 4
230 1
2300 1
2310 9
2316 2
2335 2
2349 17
2360 3
2361 3
2362 4
2369 6
2370 10
2373 2
238 1
239 6
2393 2
2398 6
2411 3
2412 1
2448 4
2457 16
2463 16
2468 1
248 1
2480 3
2486 38
2490 2
2492 1
2493 1
2518 2
254 1
256 1
258 5
265 3
270 2
271 2
272 2
273 2
275 1
280 1
281 2
282 8
284 3
302 1
331 8
333 3
334 7
336 2
337 1
339 2
349 4
350 2
354 4
365 2
366 4
368 4
370 1
382 1
387 1
393 2
395 2
399 1
405 1
410 5
424 4
427 1
428 2
430 2
433 13
446 1
455 1
460 6
465 1
466 7
487 8
488 1
496 2
512 2
526 3
53 7
54 2
544 1
55 14
564 2
565 1
575 6
577 2
585 1
60 5
600 1
603 1
605 1
61 5
613 1
629 3
639 1
64 1
646 2
647 5
65 1
650 1
688 1
689 1
701 1
743 1
753 1
763 1
771 1
779 1
785 1
786 2
789 3
792 1
799 1
800 1
801 1
812 1
819 3
82 2
838 1
845 2
862 1
864 1
870 1
892 1
895 1
896 1
902 4
914 1
915 1
919 2
924 3
935 1
938 1
939 1
941 2
948 2
949 4
95 1
954 4
96 1
97 2
971 1
976 5
979 2
986 3
990 7
