1001 1
1029 3
1034 1
1043 19
1047 1
1048 2
1056 1
1059 4
1067 4
1071 14
1074 3
1077 1
1078 1
1081 1
1094 2
1095 1
1096 2
1098 1
1107 25
1108 1
1119 6
1127 3
1135 1
1155 2
1171 9
1174 11
1178 4
1189 9
1192 2
1211 3
1214 1
1216 1
1221 2
1223 3
1236 8
1239 1
1243 1
126 1
1271 4
1273 2
1285 1
1296 1
130 1
1321 2
1327 3
1330 9
1335 1
1340 1
1353 1
1370 5
139 1
1393 4
1398 1
1399 5
140 8
1406 1
141 1
1412 1
1413 1
1415 1
1421 1
1426 1
1434 2
146 1
1475 16
1478 4
1485 3
1487 1
1496 1
1498 1
1501 6
1505 1
1506 2
1513 1
1522 1
1528 1
1540 1
1543 1
1564 2
1565 2
1567 4
157 1
1571 3
1572 3
1576 1
1587 1
1590 1
1601 6
1604 1
1608 2
161 1
1620 7
1633 1
1634 2
1639 2
1679 3
1681 1
1682 1
1689 1
1705 4
1716 9
1727 1
173 9
1744 2
1745 4
1757 1
1759 1
178 1
1787 2
1791 1
1811 1
1825 1
183 5
1833 2
184 2
1840 2
1847 1
1849 1
1895 2
190 1
1900 1
1901 11
1905 6
1906 1
1909 1
191 1
1921 1
1923 3
194 2
1942 6
1946 11
195 1
1950 1
1951 1
1955 3
1961 1
1964 4
1966 4
1968 4
1976 1
1980 1
1987 2
1989 1
1995 1
1996 2
2030 4
2053 1
2055 1
2056 1
2058 3
2072 1
2078 1
2079 4
2101 1
2107 1
2108 2
2116 3
212 1
2126 1
2131 2
2155 1
2215 1
2223 2
2226 2
223 2
2234 3
2239 2
2240 2
225 1
2256 1
2268 1
2271 3
2273 1
2279 1
228 3
2284 6
2299 4
230 2
2305 5
2307 1
2315 1
233 2
2349 2
2360 11
2373 2
2377 2
239 1
2396 1
2431 2
2432 1
2478 1
248 1
2486 45
2496 1
2497 3
251 1
254 4
255 1
256 1
261 1
264 2
266 1
270 1
272 1
273 2
277 3
280 2
281 1
282 4
284 2
291 1
295 4
318 1
328 1
331 8
333 1
334 6
336 1
337 3
339 5
340 1
349 4
353 2
354 2
363 1
366 2
368 3
371 2
377 1
387 2
402 5
405 7
408 3
410 2
413 1
417 3
424 1
425 3
427 1
428 1
430 1
433 6
434 1
438 5
449 2
455 10
459 1
460 8
466 3
482 1
487 8
502 1
512 5
515 2
526 1
53 8
537 1
54 10
545 1
549 1
55 15
555 2
558 1
564 1
565 2
575 2
577 7
583 1
60 9
605 4
61 9
622 4
629 13
64 1
646 3
65 1
655 2
660 1
661 1
663 1
689 2
703 1
709 1
710 3
736 4
743 2
747 2
768 1
769 1
771 3
779 1
785 2
786 1
789 2
792 3
800 4
801 1
802 2
803 1
804 2
82 1
823 2
825 2
837 2
838 7
84 3
85 5
851 1
863 2
870 1
880 1
892 1
895 10
90 2
903 4
907 1
911 10
936 1
941 1
948 1
966 1
97 4
979 6
980 1
981 5
986 4
989 2
990 4
997 3
