1001 6
1008 1
1018 2
1028 1
1031 1
1037 2
1042 1
1047 2
1048 3
1049 1
1055 1
1057 1
106 1
1079 3
1084 2
1085 2
1089 1
1094 5
1096 1
1111 1
1132 3
1145 7
1178 3
1185 1
1189 3
1195 1
1207 1
1239 7
1259 2
1272 1
1273 4
1276 2
128 1
130 1
1306 1
1321 2
1325 2
1330 1
1333 1
134 1
1340 3
1370 3
138 1
139 1
1395 1
1399 4
1423 1
1432 1
1438 1
1439 1
145 2
147 1
1475 14
1483 1
1485 3
1496 1
1499 2
150 1
151 1
1513 1
1517 1
1528 1
1569 1
1570 9
1571 3
1572 6
16 2
1604 2
1606 2
1611 2
1619 1
1620 10
1633 3
1634 7
165 1
1670 4
1679 3
1680 1
1681 1
1682 3
1686 1
17 2
1716 5
172 1
173 1
1740 1
1744 1
1747 19
1749 3
1757 1
1761 1
178 1
1787 2
179 1
1790 1
1791 1
1804 1
1811 2
1825 2
1826 4
183 3
1833 2
184 5
1847 2
186 2
19 2
1926 2
1930 3
194 1
1946 3
195 1
1955 2
1964 1
1966 4
1976 3
1979 1
1988 3
1994 1
2010 1
2012 1
2013 1
202 3
2024 6
2029 1
2030 7
2033 7
2037 1
2038 1
204 4
2044 1
2053 1
2058 3
2063 2
2068 2
2085 8
2091 4
2101 19
2107 5
2110 4
2116 1
212 2
2130 1
2135 2
2155 1
2186 6
2190 3
2200 1
2217 1
2226 2
2230 1
2234 1
2240 4
225 2
2256 1
2271 2
2281 1
2284 1
229 3
2299 1
230 3
2315 1
233 1
2347 1
2352 2
2377 1
2388 1
2389 1
2395 1
2411 1
2432 1
2440 1
2468 1
2469 2
248 3
2486 44
2489 2
2494 1
2525 1
2536 1
254 1
255 2
256 2
258 2
259 1
2607 1
263 2
264 1
269 1
270 1
272 4
273 5
275 1
277 1
280 4
281 5
282 2
286 2
296 1
326 1
331 7
336 2
339 3
349 3
353 5
354 2
363 1
365 6
366 3
370 1
377 2
404 2
405 6
423 1
425 1
428 3
430 1
431 1
433 12
438 1
447 1
455 2
460 5
503 2
510 1
512 4
515 1
53 5
54 7
55 10
575 2
60 8
600 1
61 8
622 1
629 2
639 4
64 1
65 1
664 1
684 1
706 1
710 1
731 1
743 20
773 1
785 1
786 4
789 6
790 1
792 1
801 2
802 16
803 3
823 1
868 1
892 1
899 1
900 33
903 3
904 1
926 1
948 3
951 3
954 1
961 15
966 3
979 1
986 3
990 10
