1001 4
1006 2
1012 1
1013 2
1017 1
1018 4
102 1
1021 1
1028 3
1031 5
1035 1
1037 3
1042 3
1043 19
1044 1
1046 1
1047 3
1048 14
1051 1
1052 1
1055 3
1056 2
1057 4
1064 1
1067 1
1069 4
1070 1
1074 6
1076 3
1077 7
1079 3
1081 1
1082 2
1089 7
1094 3
1096 9
1097 5
110 1
1108 1
1111 2
1121 1
1123 2
1126 1
113 1
1135 2
114 1
1143 3
1152 1
1155 8
1169 1
1172 1
1178 13
1185 12
1189 13
1190 4
1192 7
1195 1
1198 1
1211 3
1214 3
1215 1
1216 1
1224 4
1226 3
1230 3
1232 1
1239 3
1251 1
1255 8
1256 2
1271 1
1272 6
1273 9
128 4
1281 1
1295 1
1296 2
1299 2
130 3
1301 1
1306 3
131 1
1311 1
1321 44
1327 3
1330 17
134 4
1340 6
1341 1
1348 3
135 1
1351 1
1353 2
1359 2
1360 2
1370 15
138 1
1386 1
139 9
1395 5
1396 3
1399 4
140 22
1400 3
1403 4
1404 1
1409 2
141 4
1413 7
142 1
1421 1
1424 1
1426 7
1429 1
1432 3
1434 9
1436 1
1438 1
144 6
1443 3
1444 1
145 1
146 2
147 4
1475 71
1477 1
1485 5
1486 1
1487 2
1491 6
1494 1
1496 1
150 9
1503 1
1506 2
1507 1
151 3
1512 2
1513 4
1522 4
1524 1
1528 2
1540 3
1543 2
1563 2
1564 1
1567 5
1569 1
1570 4
1571 12
1572 5
1581 1
1595 1
1608 1
1611 1
1624 2
1625 1
1630 1
1633 2
1634 15
1635 10
164 10
1650 10
1656 6
1670 6
1672 1
1679 13
1681 8
1682 2
1686 3
1687 1
1688 1
1689 4
1690 3
1705 6
1716 2
1725 5
1728 1
173 4
1732 1
1736 1
1740 1
1744 2
1745 1
1749 4
1750 2
1757 1
1759 17
1761 2
1765 2
1766 1
1768 1
177 1
1773 1
1777 1
178 2
1784 4
1787 2
179 8
1790 1
1804 1
1805 1
1811 1
1817 3
1825 5
1826 1
183 6
184 1
1840 2
1841 1
1845 1
1847 2
1849 5
1858 1
186 15
1861 3
1873 1
1905 1
191 1
1916 1
1917 1
1921 2
1928 1
1930 2
194 2
1946 10
1948 3
1950 3
1955 5
1956 4
1957 1
1958 1
1960 3
1964 1
1969 2
197 2
1972 4
1976 4
1977 1
1978 2
1994 1
1996 5
1998 1
2008 3
2010 1
2011 1
2012 2
2013 2
2014 1
2016 1
202 7
2022 2
2029 3
203 2
2030 10
2031 1
2034 4
2038 3
204 3
2042 2
2044 2
2047 2
2048 1
2053 2
2055 5
2058 8
2059 17
2063 10
2064 2
2066 2
2067 1
2068 2
2072 3
2076 1
2077 1
2078 1
2079 3
208 2
2085 5
2091 4
2093 1
2107 1
2108 2
2109 2
2113 5
212 7
2128 2
2133 3
2135 16
2139 1
214 4
2143 3
2145 1
2155 1
2156 2
2157 2
2159 2
2177 1
218 2
2181 3
2182 1
2186 28
2192 2
2194 2
2200 1
2204 3
2220 2
2226 2
2229 2
223 4
2232 1
2234 2
2237 1
2239 1
2240 1
2249 3
2254 1
2256 7
2268 1
2271 2
2277 5
2279 1
2284 2
229 2
2290 3
2292 3
2293 2
230 2
2303 4
2304 11
2306 2
2307 1
2315 1
2317 1
2323 1
2335 15
2345 2
2347 4
2349 7
2352 1
2361 1
2365 1
237 1
2373 2
2375 1
2383 1
2385 2
2388 1
2391 1
2394 1
2395 3
2396 2
2428 3
2431 5
2432 3
244 32
2443 1
2460 2
2463 1
2467 1
2472 1
248 1
2483 2
2484 2
2486 98
2496 2
2497 2
2498 4
2501 2
2507 2
251 4
258 7
261 3
263 6
264 2
270 2
271 1
272 6
278 9
281 14
282 8
286 1
291 1
294 1
302 4
310 2
312 1
316 6
319 3
323 1
326 1
331 19
334 1
336 7
337 3
339 19
340 2
342 1
343 5
348 2
349 1
353 15
354 9
356 1
359 1
363 6
365 1
366 2
368 3
370 4
371 1
380 2
387 2
390 2
393 1
394 1
399 1
402 1
404 2
405 27
408 4
409 2
410 15
421 3
422 1
423 2
425 1
428 4
430 2
431 1
433 49
434 3
438 3
440 1
444 1
446 8
447 1
449 1
450 1
455 9
456 1
459 8
460 25
461 1
465 2
472 2
473 1
474 2
476 1
477 1
481 2
483 3
487 11
488 2
490 3
496 1
502 1
504 2
51 1
515 2
518 1
521 2
523 2
526 6
53 8
532 1
54 16
55 31
550 2
555 2
561 1
564 4
565 1
570 1
573 1
575 17
582 1
584 2
585 9
588 2
597 2
60 11
600 9
608 1
61 11
616 1
617 3
618 2
619 3
624 2
627 10
629 2
634 2
639 4
642 2
646 9
647 8
651 2
655 6
661 1
663 2
669 2
672 8
682 1
689 4
700 1
709 1
710 3
714 15
719 3
731 9
736 6
743 3
747 1
753 1
757 5
760 1
763 1
768 1
771 8
780 2
782 1
785 1
786 7
788 4
789 11
790 3
791 1
792 1
795 1
797 2
800 12
801 3
803 5
808 1
81 1
810 2
812 1
814 1
816 1
82 18
821 2
823 4
826 1
834 1
84 8
854 1
856 1
863 2
886 1
892 1
895 1
90 1
900 2
902 3
903 28
904 2
907 2
911 3
914 3
915 13
923 2
926 1
933 1
940 2
941 1
946 2
948 8
949 9
95 3
954 4
956 1
957 2
96 1
966 6
97 1
971 1
973 7
979 15
98 5
986 14
987 5
990 2
991 3
997 19
998 1
