1001 1
1031 3
1037 1
1042 1
1043 4
1048 9
1051 2
1059 2
106 2
1069 2
1073 1
1074 1
1076 4
1079 1
1089 1
1097 2
1103 1
1105 2
1135 4
1178 3
1185 1
1189 1
1198 8
1214 2
1216 1
122 2
1224 10
124 1
1248 1
1255 6
1272 1
1295 1
1321 5
1327 1
1330 2
134 1
1340 2
1370 9
1383 1
1395 1
1399 3
140 4
1400 3
1403 3
1405 1
1409 1
1413 1
1434 1
144 6
1475 22
1485 1
1491 5
150 1
151 7
1513 1
1528 1
1540 5
1567 4
1570 4
1571 6
1604 1
1623 1
1633 1
1634 1
164 4
1641 2
165 1
1650 2
1672 1
1679 3
1681 1
1704 1
1716 1
1725 15
173 1
1740 1
1744 3
1750 4
1759 3
1761 2
1773 1
178 1
1784 18
179 1
1811 2
1818 1
1826 1
1833 2
184 1
1849 5
186 2
1861 1
189 2
1894 2
1905 2
1921 1
1923 2
194 1
1946 3
1956 2
1960 1
1966 1
1972 3
1976 1
2008 2
2012 1
2016 1
202 7
2022 3
2029 1
2030 5
2038 7
2044 1
2046 1
2059 1
2063 2
2068 1
2071 3
2072 2
2077 1
2091 14
2107 2
212 2
2135 22
2139 1
214 4
2157 1
2182 1
2186 2
2194 3
2198 2
220 1
2200 1
2206 1
2208 2
2215 1
2239 1
2245 1
2249 1
225 1
2256 5
2262 1
2267 1
2273 2
2277 4
2292 1
2303 2
2307 1
2323 1
2335 15
2352 1
2354 1
2361 1
2373 1
2375 2
2432 1
2486 26
258 7
264 1
273 2
278 5
280 1
281 3
282 1
286 1
293 1
302 1
307 2
316 1
331 2
336 1
339 6
340 1
343 1
349 2
354 3
363 1
366 4
368 1
370 1
371 1
387 3
409 1
410 1
420 2
422 6
428 1
433 1
446 2
455 3
459 1
460 5
466 1
472 1
474 3
487 7
490 4
502 1
512 1
524 1
526 1
53 6
54 15
55 12
564 1
575 1
582 1
584 1
587 2
60 3
61 3
627 2
629 3
64 1
643 1
646 2
65 1
651 3
655 1
661 2
666 1
710 1
712 1
714 15
719 2
731 2
736 1
747 5
752 1
760 1
767 2
769 1
786 1
789 2
801 1
803 2
821 2
823 2
863 1
870 3
877 2
892 7
897 3
903 1
907 7
915 1
948 1
961 1
966 2
970 4
979 4
986 4
989 1
997 1
