1007 1
1008 1
1021 1
1023 1
1031 5
1035 1
1037 2
1042 1
1043 4
1047 1
1048 7
1049 1
1055 4
1056 2
1057 1
1059 1
1067 1
1068 1
1074 3
1077 3
1079 5
1096 1
11 4
110 3
1102 1
1106 2
1107 1
1111 1
1115 1
1135 1
1142 1
1143 2
1145 1
1155 3
1178 7
1185 2
1190 1
1195 8
1202 1
1211 7
1227 2
1243 1
1255 3
1272 1
1274 3
1297 1
130 1
1320 1
1321 3
1326 1
1327 1
1328 1
134 1
1362 1
1369 1
1370 2
1372 1
1376 2
138 3
1380 3
139 3
140 8
1403 11
1407 2
1409 1
141 1
1413 2
1415 1
142 1
143 1
1432 1
1438 2
144 4
1450 1
146 1
147 2
1471 7
1475 31
1483 1
1485 2
1491 1
1504 2
1505 1
1512 1
1513 3
1522 2
1528 1
1531 1
1540 1
1567 2
1570 1
1571 4
1572 5
1601 1
1608 1
1620 12
1633 5
1634 1
1635 1
164 4
1650 1
1679 1
1681 1
1687 1
1688 2
1689 1
1690 1
1704 2
1705 1
1716 2
172 1
1729 1
173 1
1741 3
1744 5
1745 2
1747 10
1763 1
1778 1
179 2
1791 1
1793 2
1822 1
1824 1
1825 1
183 3
1840 1
1847 6
1849 7
1883 1
1900 1
1906 1
1909 3
1918 1
1930 4
1946 4
1950 1
1953 6
1956 2
1958 1
1960 1
1966 8
1968 1
1971 1
1972 1
1976 2
1978 7
1979 1
1989 2
1994 2
1995 1
2 1
2004 1
2012 1
202 2
2024 17
2029 3
2030 4
2034 1
204 1
2055 1
2072 3
2077 1
2079 1
208 1
2081 1
2091 1
2101 5
2107 3
2108 1
2116 1
212 4
2120 1
2139 4
2148 1
2153 5
2156 1
2157 8
2173 1
220 2
2211 1
2223 2
2226 1
2229 1
2234 4
2249 2
225 7
2256 3
2269 1
2271 2
2273 1
2278 1
2288 2
229 1
2290 3
2295 1
2296 1
2299 2
2317 2
2347 1
2362 1
2365 1
2373 1
2379 28
238 1
2393 1
2396 1
2415 1
2417 1
2431 1
2432 1
2467 5
2468 1
248 2
2481 1
2483 5
2484 5
2486 46
2497 2
2498 4
2499 3
2503 4
2505 1
2506 1
2507 4
2508 2
2509 2
2510 1
2511 3
2512 4
2513 1
2516 2
2517 2
2518 1
2519 2
2520 2
254 3
2549 2
2550 1
2552 1
2578 1
258 1
2587 1
259 1
2591 1
261 1
263 2
2640 1
2643 1
2648 1
270 5
272 1
278 1
280 20
281 2
282 8
302 3
310 5
316 3
323 1
331 11
333 1
337 1
339 7
340 4
342 2
349 3
350 1
353 4
354 10
363 3
366 3
368 3
37 1
371 2
377 2
38 1
385 5
399 1
402 2
405 19
408 3
41 1
410 4
421 1
428 2
430 1
433 24
434 3
436 1
440 1
45 1
451 1
458 1
459 4
460 6
466 7
474 4
479 1
488 1
490 1
494 1
512 3
524 1
53 15
535 1
54 17
55 19
558 2
564 6
565 3
575 5
577 4
582 1
588 1
595 1
60 6
61 6
616 1
622 2
624 1
627 1
628 3
64 2
646 5
648 1
65 2
669 1
684 1
689 1
709 1
712 2
718 5
720 23
721 1
743 4
745 5
747 2
749 1
771 1
780 3
786 4
790 4
8 1
800 3
801 2
804 1
810 1
82 3
823 5
837 3
85 1
854 1
863 1
870 2
887 1
893 1
899 7
900 13
903 5
904 1
907 18
911 1
923 6
924 2
929 1
938 2
940 1
941 6
948 4
949 1
95 1
951 3
954 1
960 1
973 1
979 5
981 4
986 6
988 2
990 4
997 3
