1001 2
1005 20
1008 1
1034 1
1035 4
1037 15
1041 1
1043 1
1047 3
1048 2
1057 1
1064 2
1066 3
1067 4
1070 1
1071 1
1074 3
1079 3
1083 1
1087 1
1094 2
1096 5
1098 1
1103 2
1107 1
1119 2
1135 7
1156 1
1178 8
118 7
1183 1
1184 2
1185 2
1190 3
1198 3
1207 1
1212 1
1214 2
1221 1
1230 2
1243 1
1244 1
1248 1
126 6
1272 2
1273 1
1281 1
1297 1
130 1
1305 2
1321 3
1330 1
1333 1
1335 50
1340 1
1342 2
1353 1
1358 1
1369 5
1370 2
1372 3
1383 1
1387 3
1396 2
1399 1
140 1
1406 2
1407 1
141 1
1410 1
1411 2
1413 3
1426 6
1429 1
1434 2
144 7
1443 1
1449 1
145 3
146 4
1463 2
147 1
1470 10
1472 1
1475 11
1478 15
1479 1
1485 1
1487 7
1497 1
1505 6
151 1
1519 1
1522 1
153 1
1540 2
1545 18
1550 1
1556 1
1567 2
1571 1
1572 2
1604 3
1611 1
1620 2
1627 2
1633 4
1634 1
1635 1
164 2
1656 1
1670 2
1672 1
1679 3
1680 12
1687 2
1689 6
1702 2
1705 1
1711 1
1716 1
1719 1
172 1
1720 1
173 5
1744 3
1745 1
175 1
1756 5
1757 2
1765 1
1769 1
1787 2
179 4
1806 1
1811 3
1812 3
183 2
1840 2
1845 1
1849 4
1858 1
1861 1
1869 1
1883 3
1895 2
1905 4
1921 1
1922 13
1931 2
1933 4
1935 1
194 5
1946 4
1956 1
196 1
1960 3
1966 2
1968 3
1972 2
1975 1
1976 1
1978 1
1984 1
1990 1
1997 1
201 1
2016 1
2024 1
2030 1
2034 1
2037 1
2038 5
204 3
2042 1
2044 2
2058 10
2062 4
2063 4
2066 3
2068 2
2072 1
2073 2
2076 6
2077 1
2079 4
2086 1
2116 5
212 2
2138 1
214 1
2155 3
2157 2
2169 2
2171 2
2186 10
220 1
2200 3
2205 1
2211 3
2222 3
2226 1
223 4
2234 3
2237 1
2238 1
2240 4
225 1
2256 1
2262 1
2270 1
2271 1
228 8
2282 2
229 5
2296 3
2298 1
230 3
2307 2
2312 1
2315 1
2316 1
2317 1
232 1
2323 1
2330 1
234 1
2340 1
2349 2
2360 1
2375 1
2377 2
2379 1
238 2
239 2
2393 1
2405 2
2409 1
2410 4
2413 1
2431 5
2432 12
2444 1
2460 2
2468 1
2483 1
2484 1
2486 64
2497 10
254 3
258 12
261 5
263 6
265 1
266 2
270 1
271 2
272 2
278 1
280 1
281 3
282 1
291 1
293 1
326 2
331 5
333 2
334 2
336 4
337 4
339 8
342 4
353 1
354 6
363 3
365 1
366 2
369 1
371 4
377 3
394 1
395 6
399 4
403 1
405 1
406 2
408 4
410 4
419 2
421 1
423 1
424 5
427 4
428 3
430 3
434 2
438 5
441 3
444 1
449 1
455 2
459 3
460 13
466 8
472 5
473 1
474 1
487 1
490 1
493 1
496 2
498 1
499 2
500 1
504 1
511 2
512 2
515 1
520 3
526 1
53 12
535 1
54 15
55 13
557 2
565 3
575 3
577 1
584 1
588 1
600 4
605 2
608 1
629 1
637 3
639 4
64 1
642 1
646 4
65 1
651 3
652 1
655 1
665 1
682 1
703 1
709 4
710 3
712 1
717 1
719 1
725 1
731 1
735 1
737 1
743 1
747 3
752 2
754 2
763 1
771 1
789 6
790 1
791 1
798 1
800 5
801 2
802 1
803 2
804 1
808 2
811 9
812 1
82 2
822 4
823 1
825 1
827 2
833 2
834 1
837 7
845 1
861 1
883 1
892 1
893 4
899 2
90 1
900 1
902 1
903 6
907 3
911 4
918 3
923 2
926 3
936 1
938 1
941 1
946 1
947 3
948 7
949 2
951 1
954 1
955 1
960 1
968 1
970 1
971 1
979 3
980 2
986 1
989 3
990 7
991 2
997 4
