1001 12
1002 2
1022 2
1031 3
1039 1
1042 7
1043 9
1047 5
1048 1
1056 1
1066 1
1069 1
1079 4
1080 1
1082 1
1096 1
1097 1
1102 2
1106 1
1107 2
1111 2
1118 2
113 5
1132 4
1135 18
1178 6
1189 2
1192 2
1211 1
1215 1
1227 1
126 2
1271 1
1272 2
1273 1
1274 3
1285 2
130 1
1301 2
1305 9
1310 1
1321 1
1327 1
1330 2
134 1
1340 1
1341 2
138 16
1387 1
1389 3
139 4
1399 4
140 4
1405 1
1409 1
141 6
1411 1
1413 5
1415 4
1416 1
142 1
1421 1
1433 1
1438 3
144 2
145 2
1457 1
146 1
147 1
1475 21
1485 5
1505 1
151 1
1513 3
1522 1
1570 16
1571 3
1572 1
1601 17
1606 1
1608 1
161 1
1620 6
1633 5
1634 1
164 10
1656 2
1670 1
1682 3
1689 1
1690 1
1718 3
1722 1
173 2
1745 2
1749 4
175 2
1757 1
1773 1
178 5
179 2
1809 2
1825 2
1826 1
183 3
1833 4
184 2
1847 7
1849 1
1858 4
186 10
1861 1
1868 3
194 2
1946 5
1956 1
1960 1
1966 6
1972 1
1976 4
1979 1
1996 1
2001 1
2007 4
202 1
2024 4
2029 1
2038 2
204 1
2042 1
2063 1
2064 2
2072 2
2077 1
2085 8
2106 2
2107 3
2108 4
2113 2
212 1
214 2
2155 1
2159 1
2169 1
2192 1
220 1
2226 3
2234 3
2239 1
2240 5
2245 2
2248 1
2256 2
2267 1
2273 2
2282 9
2284 3
229 4
2299 2
2300 1
2315 1
2316 5
2322 1
233 1
2352 4
2355 5
2359 1
2361 1
2368 1
2373 3
2374 1
2375 2
2385 1
2388 1
2393 3
2428 1
2431 1
2432 1
248 1
2486 35
2487 1
2488 1
2497 1
258 1
263 2
270 7
271 1
272 2
273 2
277 4
278 3
281 2
282 3
283 2
296 1
302 5
307 1
310 4
331 16
333 2
334 3
336 2
337 1
339 2
340 2
343 2
347 1
354 6
363 3
365 4
366 2
370 2
371 2
390 1
395 1
396 1
399 3
402 4
405 2
408 2
410 3
423 2
427 1
428 2
430 2
433 3
434 1
453 3
455 1
460 10
473 1
481 1
487 1
493 1
512 2
515 2
526 2
529 1
53 8
54 4
55 15
564 1
565 3
569 1
575 17
577 4
597 1
60 9
600 2
605 1
61 9
629 5
639 2
64 1
646 3
65 1
672 1
706 22
709 1
712 1
743 32
747 2
749 2
753 2
771 2
780 1
785 1
786 2
789 3
790 4
792 6
800 2
801 1
802 3
803 1
82 2
823 1
852 1
899 12
900 9
902 1
921 1
924 3
930 1
932 1
938 3
948 13
949 3
951 2
952 1
979 2
981 4
985 3
986 6
989 1
990 8
