1031 10
1037 1
1043 5
1048 6
1056 1
106 1
1064 1
1074 1
1079 1
1089 1
1096 1
1097 1
1108 1
1123 1
1155 1
1178 1
1192 1
1202 1
1211 2
1216 1
1227 1
1272 1
130 1
1300 1
1321 1
1336 1
1348 1
1353 1
1363 1
1370 2
1380 9
139 1
1399 1
1403 1
141 1
142 1
1429 1
1432 2
1434 2
1475 10
150 1
1504 2
1522 1
1528 1
1567 1
1569 1
1571 1
1572 3
1633 1
1634 2
1689 2
1695 1
1716 1
1729 1
173 2
1741 1
1743 1
1745 2
1747 2
175 2
1779 1
1791 1
1825 3
183 1
184 1
1841 1
1847 5
1849 1
1883 2
1893 1
1909 1
1917 1
1922 1
1946 7
1953 1
1955 3
1956 2
1966 1
197 1
1983 1
1996 1
2013 1
2024 1
2029 2
2030 2
2034 1
2055 1
2056 1
2079 1
2086 1
2093 2
2101 4
2107 1
2139 1
2155 1
2158 1
216 1
2186 1
2196 1
2200 1
2206 1
2234 2
2249 1
225 2
2256 2
2273 1
228 1
2288 1
229 3
2317 1
2349 1
2352 1
2367 1
2379 15
2388 1
2432 1
2467 1
2468 2
2483 2
2484 2
2486 18
2489 1
2498 1
2514 1
2521 1
2541 1
261 1
270 2
277 1
280 3
281 3
282 2
291 1
302 2
312 1
319 1
320 2
331 5
334 1
336 1
339 3
342 1
353 2
354 4
366 3
368 2
371 9
377 1
380 1
395 3
402 1
405 4
410 3
428 1
433 6
455 1
460 5
466 2
512 2
528 1
53 3
532 1
54 1
55 8
558 2
562 2
564 2
565 1
575 5
580 1
584 2
591 1
60 10
600 1
61 10
613 2
618 1
634 1
639 2
646 2
655 1
682 1
684 1
698 1
710 1
720 5
736 3
771 5
780 2
786 2
790 4
792 2
800 3
801 1
82 2
823 3
84 1
899 1
907 4
923 2
926 1
938 1
941 1
949 2
954 1
960 1
961 1
966 1
979 3
986 5
990 2
991 1
998 1
