1001 1
1031 2
1043 7
1047 1
1048 5
1057 1
106 1
1067 3
1069 1
1073 1
1074 2
1076 2
1079 1
1097 2
1104 1
1111 1
1127 1
1135 2
1143 1
1169 1
1178 2
1185 1
1189 2
1214 2
1224 1
1248 1
1255 3
1259 2
1272 2
128 1
1283 1
1287 1
1296 1
1306 1
1321 23
1330 5
1348 1
1353 2
1370 5
1372 1
138 6
139 5
1399 1
140 1
1403 1
1409 3
1413 4
1415 1
1426 1
1432 2
144 2
146 2
147 1
1475 11
1485 6
150 2
1500 1
1506 3
151 2
1513 3
1522 2
1540 1
1567 4
1570 4
1571 1
1633 3
1634 1
1635 2
164 5
1645 1
165 1
1650 1
1679 1
169 1
1705 2
1725 2
173 4
1741 1
1744 1
1749 1
175 3
1750 1
1759 1
1761 1
1773 2
1778 1
1784 2
179 2
1795 1
1817 8
1819 6
1822 1
1828 2
183 1
1833 1
1840 4
1849 3
1858 1
186 1
1908 1
1917 1
1923 1
1937 1
194 3
1946 12
1950 1
1957 1
1966 3
197 1
1989 1
2018 3
202 1
2024 6
203 1
2030 1
2038 6
2042 1
2058 1
2059 1
2064 1
2071 2
2072 1
2091 2
2093 1
2113 1
2116 1
212 1
2133 2
2135 4
214 3
2144 2
2145 1
2157 1
2182 2
2186 3
2192 1
220 2
2211 2
2237 1
2239 3
2240 2
225 1
2256 2
2267 1
2271 9
2273 1
2277 4
229 1
2295 1
2299 1
2304 1
2323 1
2335 6
2352 6
2375 1
2383 1
2431 1
2432 1
244 18
2483 1
2484 1
2486 31
2500 1
2512 1
2518 1
254 1
258 1
270 1
272 4
278 1
281 1
282 1
284 1
286 1
291 2
302 5
310 1
316 3
331 1
334 1
336 1
339 3
340 1
342 1
348 1
349 3
353 3
354 1
357 1
363 1
366 1
370 1
387 1
395 1
405 2
410 2
423 1
424 1
433 18
447 1
449 3
459 3
460 3
473 1
483 1
487 3
500 1
512 1
526 2
53 7
54 5
55 14
555 1
564 1
580 2
584 1
608 1
622 1
624 3
629 2
639 2
64 1
65 1
655 1
669 2
677 1
709 1
710 11
711 1
714 6
719 1
724 1
731 2
743 1
745 1
747 3
757 1
767 1
769 1
775 1
779 4
780 1
789 8
790 2
791 1
800 2
801 1
802 1
803 1
811 1
82 2
834 1
870 2
877 1
893 1
903 15
907 1
915 1
948 3
949 1
95 1
954 2
966 1
98 3
981 2
986 2
990 2
997 3
