1001 1
1037 1
1039 1
1042 2
1043 1
1047 3
1048 8
1055 2
1056 3
1057 1
1059 1
1061 1
1064 2
1067 2
1070 1
1073 2
1074 1
1077 1
1079 4
1089 3
1094 1
1096 1
1098 1
1106 2
1107 1
1127 1
113 1
1135 1
1142 9
1143 1
1145 4
1178 3
1189 5
1192 1
1207 1
1224 1
1239 9
1259 2
1263 1
1271 1
1272 1
1273 1
1274 1
1283 2
1285 2
1295 2
130 2
1305 1
1306 2
1321 3
1324 1
1326 2
1330 2
1333 1
1340 7
1341 1
1353 1
1360 1
1370 1
139 2
1396 1
1399 1
140 2
141 4
1413 1
1423 3
1438 3
144 5
145 5
1457 9
146 1
147 1
1475 16
1477 1
148 1
1485 2
1487 1
1496 1
150 1
151 2
1563 1
1569 2
1570 4
1571 5
1592 1
16 1
1606 7
1620 12
1633 2
1634 7
164 4
1650 3
1656 1
1681 3
1682 3
1689 1
1690 1
1709 7
1716 7
1725 3
173 2
1732 1
1743 1
1744 1
1747 20
175 2
1759 1
1773 3
178 1
1787 1
1791 1
1811 1
1826 2
183 6
184 3
1845 1
1847 1
1849 2
1856 2
1878 1
1884 1
1930 2
194 1
1946 4
1948 1
1955 3
1956 1
1966 3
1972 4
1976 2
1978 2
1979 1
1994 2
1996 1
2010 2
2016 1
202 7
2022 1
2024 12
2029 1
2030 2
2038 2
204 1
2053 1
2056 1
2066 2
2069 3
2072 2
2077 1
2085 7
2091 2
2093 1
2101 21
2107 1
2116 1
212 2
2130 1
2135 2
214 1
2141 1
2148 1
2155 1
2156 1
2182 1
2186 7
2198 1
220 1
2200 2
2218 3
2226 2
2229 1
2234 1
2237 1
2239 1
2240 2
225 2
2264 2
2271 2
2282 1
229 6
230 3
2303 1
2306 1
2315 2
2317 2
2323 3
2337 1
2347 3
2349 2
2352 4
2373 1
2375 1
2379 1
2391 4
2392 1
2398 1
2411 2
2428 9
2432 4
2434 1
246 1
2476 2
248 1
2483 7
2484 6
2486 36
2497 1
254 2
256 1
258 2
2605 1
2612 1
263 1
264 1
266 2
272 2
273 2
278 2
280 6
281 5
282 3
286 2
294 2
302 3
310 4
316 1
331 5
334 2
336 3
337 2
339 3
340 1
342 2
349 1
353 3
354 1
365 3
366 4
368 2
370 1
371 2
377 6
395 2
399 1
405 8
410 8
423 4
424 2
425 3
428 1
430 1
433 20
434 1
438 1
449 1
455 1
460 4
488 2
490 1
493 1
503 3
512 10
53 9
537 1
54 13
55 18
555 1
564 5
565 1
575 8
577 2
584 5
60 2
61 2
626 3
639 2
64 2
646 1
65 2
651 1
655 2
659 1
661 1
672 2
676 1
684 1
698 1
712 1
718 1
743 13
745 3
747 2
756 1
786 3
790 2
792 2
796 1
800 2
801 2
802 15
803 3
804 2
812 1
814 1
82 2
823 1
838 2
84 1
863 1
870 1
900 31
902 1
914 4
924 1
926 1
938 2
941 1
948 2
951 2
954 5
961 25
966 1
979 1
981 1
986 4
990 16
998 3
