1001 1
1016 3
1031 1
1035 1
1042 1
1043 5
1048 3
1067 1
1072 2
1079 1
1082 4
1096 1
110 1
1111 2
1145 1
1155 3
1162 1
1178 3
1192 2
1207 2
1216 1
122 3
1226 6
1230 2
1235 1
1271 1
1272 1
1273 1
1274 1
1286 1
1301 1
1311 2
1325 1
1336 1
1340 3
1360 1
1387 3
1399 2
1446 1
146 1
1475 20
1483 1
1485 1
1486 1
150 1
1503 1
1507 1
1512 5
1513 1
1527 1
1528 1
1532 3
1553 1
1572 1
1577 1
158 1
1602 2
1604 1
1608 1
1614 1
1633 1
1634 2
1635 1
1637 3
1668 1
1681 1
1690 1
1699 1
1714 3
173 2
1732 1
1785 1
1790 1
1791 1
1794 1
1806 2
1827 3
1828 1
183 1
1838 1
184 2
1840 1
1849 1
1882 1
1895 1
1900 1
1905 1
1911 10
1946 3
1955 1
1960 1
1964 1
1966 1
1994 2
1998 1
2014 1
2022 1
2024 2
2029 2
203 1
2030 2
2042 1
2061 1
2066 1
2068 3
2090 1
2092 1
2107 1
2142 1
2156 2
2166 1
2173 2
2198 1
2208 1
2211 1
2218 1
2226 2
2234 1
2239 1
2242 1
225 1
2279 1
2288 2
229 2
2317 2
2335 2
2341 1
2361 1
2394 1
2396 5
2399 1
2400 1
2401 2
2419 1
2432 1
2444 1
2448 2
2455 3
2460 1
2467 1
2486 25
2498 2
251 1
260 1
266 1
268 6
273 2
278 1
280 1
281 1
282 5
292 1
302 1
307 1
309 2
316 1
331 13
336 3
337 1
339 4
341 1
349 1
353 1
354 1
366 3
368 4
395 1
405 4
410 2
423 1
428 2
430 2
446 2
459 1
460 3
466 3
487 1
508 1
515 2
526 1
53 6
54 2
55 14
565 2
572 1
575 6
577 1
579 2
588 2
60 3
600 2
61 3
612 1
613 5
621 2
631 2
646 2
660 1
697 2
703 1
705 1
727 2
743 1
752 1
769 1
771 7
786 2
789 1
802 2
823 1
838 2
85 1
869 10
876 1
902 1
907 1
914 1
923 2
949 1
95 1
956 3
96 1
960 1
973 1
986 5
993 3
995 1
