1001 2
1005 6
1023 1
103 1
1031 2
1037 4
1042 2
1043 7
1048 9
1052 1
1055 3
106 1
1064 1
1066 1
107 6
1073 1
1074 1
1077 3
1079 4
108 3
1082 3
1089 1
1090 1
1094 5
1097 2
110 3
1101 2
1104 3
1108 1
1111 1
1118 1
1127 2
113 2
1135 1
114 1
1146 1
1152 1
1155 1
1157 1
1178 9
1185 2
1187 1
1189 2
1192 3
1195 1
1216 1
1224 2
1232 4
1248 3
1255 4
1256 5
1259 1
126 1
1265 1
1271 1
1273 2
1289 1
1290 1
130 1
1306 2
1321 7
1327 1
1330 5
1336 1
1340 5
1348 1
1353 1
1360 1
1370 1
1372 1
1387 1
139 2
1399 1
140 15
1403 9
1405 1
1413 1
1418 1
142 1
1421 4
1429 1
1432 1
1434 3
1441 2
145 1
146 2
1469 1
1475 46
1485 1
1487 3
1496 1
1498 1
150 5
1512 1
1513 2
1514 1
1522 3
1524 1
1528 1
1538 1
1539 1
1563 2
1567 1
1568 1
1569 3
1570 2
1571 7
1572 6
1576 1
1607 1
1634 4
1635 1
164 5
1650 4
1652 9
1656 2
1670 3
1682 2
1686 2
169 2
1690 1
1704 1
1705 1
1715 2
1716 3
1718 1
172 1
1720 1
1722 1
173 4
1744 1
1748 1
1759 4
177 1
1771 1
1787 2
179 2
1791 2
1798 3
1811 1
1817 31
1819 1
1825 3
1827 2
183 1
1832 1
184 5
1847 1
1849 3
186 1
1861 1
1893 3
1896 1
1920 4
1921 3
1922 2
1928 1
1946 2
1948 1
1950 2
1955 4
1959 1
1960 6
1972 3
1976 2
1978 3
1979 2
1988 1
1994 1
1995 1
1996 3
1997 2
2008 4
2013 2
2014 3
202 1
2024 1
2029 2
203 1
2030 6
204 2
2047 2
2053 1
2058 2
2059 1
2063 2
2066 3
2068 1
2076 1
2084 1
2092 1
2106 1
2107 2
2109 2
2113 1
212 1
2127 2
2135 1
2143 2
2145 7
2148 1
2156 1
2167 1
2186 16
2191 3
220 1
2211 1
2216 1
2220 1
2223 1
2234 3
2237 1
2240 1
2244 2
2252 2
2256 1
2265 1
2268 4
229 2
2290 2
2292 1
2295 2
2299 4
2300 1
2302 1
2304 4
2306 1
2308 2
2310 1
2317 1
2335 9
2347 3
2358 1
2388 2
2393 1
2394 1
2395 1
2411 1
2424 2
2431 1
2445 1
2467 1
2468 2
248 1
2483 1
2484 1
2486 86
2497 1
2498 7
251 2
256 2
258 5
261 1
263 1
266 1
270 2
273 2
278 6
280 1
281 11
282 1
284 1
286 1
291 2
295 1
300 3
302 6
305 2
310 2
319 2
324 2
326 1
330 1
331 19
335 1
336 1
337 3
339 13
340 5
341 2
342 3
353 1
354 4
363 1
365 4
366 1
367 1
368 4
370 2
371 2
376 1
380 3
390 3
395 2
402 1
405 12
409 1
410 5
422 1
423 2
425 1
430 2
433 4
434 6
446 3
453 1
455 2
457 2
459 5
460 7
461 1
465 2
466 3
474 5
476 1
487 3
488 2
51 1
510 1
512 1
515 2
526 2
53 4
535 2
54 2
55 25
555 1
564 2
565 3
568 1
570 1
575 7
577 1
584 2
585 3
588 2
597 1
60 4
600 4
61 4
613 1
624 1
628 1
639 7
646 6
647 1
651 2
655 2
657 1
668 1
672 4
677 1
679 1
688 1
701 1
710 31
712 2
719 1
731 9
743 2
745 1
746 1
747 1
749 1
753 1
757 1
760 1
761 1
767 1
771 1
779 2
780 1
789 2
792 2
796 1
800 5
811 3
814 2
818 1
82 11
823 7
825 1
833 1
834 3
84 1
854 2
870 1
884 2
892 5
894 1
90 1
900 1
901 1
902 2
903 5
912 2
915 15
926 2
938 1
940 1
941 2
948 2
949 2
95 7
955 1
956 1
966 1
970 1
973 1
986 19
990 1
991 1
993 2
997 1
998 1
