1001 1
1005 2
1007 1
1018 1
103 1
1037 2
1042 1
1043 5
1047 1
1048 5
1051 1
1056 2
1067 1
107 1
1070 1
1074 2
1080 1
1094 1
1097 1
1103 1
1111 1
1123 1
1135 1
1178 2
118 1
1189 6
1198 2
1211 1
1214 3
1224 5
1226 3
1243 1
125 1
1255 1
1256 1
126 1
128 1
1283 1
1285 1
1321 20
1330 4
1340 3
135 2
1370 3
138 4
1383 1
1387 1
1388 1
139 6
1395 1
1396 1
1399 2
140 4
1403 1
1405 1
1407 1
1413 7
1415 1
1429 1
1432 1
1439 1
144 2
145 2
1465 1
147 1
1475 14
1483 2
1485 2
1487 1
150 1
151 1
1513 1
1519 1
1522 3
1540 7
1563 1
1567 4
1570 4
1571 5
1623 1
1634 8
1639 1
164 5
1641 1
1666 1
1670 1
1672 1
1679 1
1689 1
1690 1
1709 1
1716 1
1725 2
173 2
1744 4
1759 9
1778 1
178 2
1784 2
1791 2
1817 2
1825 1
1826 1
184 4
1840 1
1845 1
1847 1
1849 2
186 1
1861 1
1864 1
187 2
1905 4
1920 1
1921 1
1929 3
1930 1
1946 3
1948 1
1950 1
1955 2
196 1
1960 1
1964 1
1969 2
1971 1
1972 1
1976 1
1979 1
1995 1
1996 1
2016 1
202 3
2022 2
2024 2
2029 1
203 6
2030 5
2037 1
2038 1
204 3
2042 1
2044 1
2058 2
2060 2
2063 3
2068 6
2072 4
2077 1
2080 1
209 1
2091 2
2107 1
2108 1
212 1
2135 2
2138 1
2139 1
214 3
2143 1
2144 1
2148 4
2156 1
2181 1
2186 10
2192 1
220 2
2200 2
2218 1
2229 2
223 2
2239 3
2240 1
2249 1
225 1
2256 4
2268 1
2271 1
2273 1
2277 3
2278 1
229 2
2300 2
2302 1
2303 1
2315 2
2317 2
2323 2
2324 1
2335 6
2349 1
2352 2
2354 1
2355 1
2373 1
2377 2
2388 3
2389 2
2396 1
2405 2
2431 2
2432 2
244 23
248 1
2486 35
258 1
261 1
2633 2
270 2
272 4
273 4
278 1
281 8
282 2
302 5
316 2
319 3
331 4
336 1
339 7
340 3
349 3
353 1
365 1
366 3
368 1
380 1
390 2
402 1
405 3
409 2
410 5
421 1
433 12
434 4
438 1
440 1
446 1
455 2
459 2
460 3
465 2
474 1
487 4
489 1
490 2
512 2
524 1
53 5
535 1
54 9
55 16
564 1
565 1
575 2
60 1
600 3
61 1
616 1
619 1
624 1
629 1
639 1
64 1
643 2
646 3
65 1
651 2
655 2
661 1
669 1
672 1
682 2
689 1
710 4
712 1
714 5
719 1
731 2
735 1
736 3
747 2
763 2
771 1
772 1
773 1
785 1
788 1
789 1
796 2
800 1
801 1
802 1
810 1
811 1
816 1
82 3
823 3
834 2
849 1
85 1
877 1
882 1
886 2
892 1
899 2
903 7
911 2
914 2
915 7
926 1
938 1
949 4
952 1
954 1
96 1
961 1
969 1
971 3
973 1
978 1
979 4
98 4
986 5
989 1
990 1
991 1
997 5
