1007 2
1029 1
1031 15
1035 1
1037 1
1039 2
1043 3
1048 8
1055 4
1056 1
1064 2
1069 1
1077 3
108 2
1085 3
1089 2
1094 3
1096 2
1097 1
1102 3
1104 1
1105 1
1111 2
1123 1
1135 2
1155 3
1178 15
1185 4
1187 1
1190 1
1192 4
1195 1
12 4
1211 6
1234 1
1243 1
1272 2
1273 4
1278 1
1296 3
1300 3
1302 1
1306 1
131 2
1326 6
1330 4
1333 1
1340 1
1353 1
1370 2
138 2
1380 16
1388 1
1399 2
140 4
1400 1
1403 15
141 2
1429 1
145 1
147 2
1471 2
1475 35
1477 3
1483 1
1485 4
1487 3
15 2
150 2
1503 1
1504 14
1505 1
1512 1
1513 1
1522 1
1567 2
1568 1
1571 3
1572 9
16 2
1601 1
1608 2
1620 4
1633 3
164 5
1678 1
1679 5
1681 1
1686 2
1687 1
1688 1
1705 2
173 4
1740 3
1741 3
1744 4
1747 6
175 1
176 1
1760 3
1763 1
177 1
178 3
1788 1
179 3
1825 8
183 1
1840 1
1844 1
1847 8
1849 1
1909 3
1917 1
1918 2
1928 1
1930 12
1944 6
1946 5
1948 1
1953 2
1955 4
1956 8
1972 2
1976 1
1977 1
1978 1
1979 2
1980 1
199 1
1995 1
2007 1
2013 3
2019 1
2024 7
2030 3
2034 1
204 1
2043 1
2044 3
205 2
2053 6
2055 1
2058 2
2063 1
2064 1
2072 1
2076 2
2077 2
208 2
2082 1
2093 2
2101 18
2104 1
2106 1
2113 10
2135 4
2139 2
215 1
2153 2
2154 1
2155 3
2157 1
2172 1
2186 3
2223 1
223 2
2234 1
2237 1
2245 1
2249 1
2273 1
228 3
2288 1
229 2
2290 7
2295 1
2307 1
2317 1
234 1
2347 4
2349 1
2354 3
2361 1
2367 3
2373 1
2379 47
2388 4
2393 4
2395 2
2415 2
2428 3
2431 1
2456 1
2468 3
248 2
2483 10
2484 10
2486 44
2489 3
2496 7
2498 3
2502 1
251 3
2515 1
2562 2
2567 2
2571 2
2572 2
258 3
261 2
263 1
264 1
265 2
270 2
271 1
272 4
277 1
280 5
281 1
282 3
291 6
296 3
306 1
316 1
318 1
319 4
320 1
331 11
333 3
334 1
336 7
339 10
342 2
349 3
353 6
354 10
356 1
357 2
363 2
365 2
368 1
370 1
371 17
377 2
380 1
390 2
397 1
405 12
408 1
410 9
424 1
425 1
430 3
433 20
446 3
455 3
459 1
460 8
461 1
465 1
466 3
469 1
473 2
474 7
475 1
488 7
49 4
490 1
500 1
504 1
526 8
53 6
532 1
54 16
55 18
56 1
564 11
565 1
57 1
575 5
584 2
599 1
60 39
600 7
605 1
61 40
616 3
639 3
646 2
647 2
651 5
655 5
66 2
665 1
67 1
68 1
69 1
70 1
709 3
71 1
710 3
714 3
718 4
720 21
724 3
743 17
760 1
771 2
780 5
783 1
785 1
786 7
790 1
796 1
800 7
803 2
82 4
823 5
84 2
852 1
870 2
890 1
892 4
893 1
894 3
899 2
900 11
907 15
914 1
915 3
923 1
938 1
940 1
948 7
949 7
954 1
960 1
966 1
979 1
981 1
986 10
997 1
998 2
