1001 3
1013 1
1035 2
1039 2
1042 4
1043 5
1047 4
1048 6
1063 1
1064 9
1068 2
1069 4
1074 1
1077 1
1096 1
1104 2
1105 1
1122 1
1141 2
1143 1
1174 10
1178 2
1189 1
120 1
1200 1
1230 1
1259 1
1260 1
1267 1
1269 1
1286 5
130 1
1301 2
1306 1
1311 1
1319 1
1340 3
1343 1
1344 3
1348 1
1350 12
1383 1
139 2
1399 8
140 1
1409 1
141 1
1413 3
1426 1
1443 2
145 3
146 2
147 1
1475 21
1478 8
1485 6
1487 9
150 3
1513 2
155 3
1550 1
1556 1
1563 1
1571 2
1576 3
1613 2
1620 9
1633 3
1634 2
165 1
1670 1
1678 2
1679 2
1686 2
1718 2
173 2
1745 1
179 1
1809 1
1811 1
183 5
184 5
1841 2
1847 1
1849 1
1882 5
1883 2
1900 2
1906 1
192 2
1927 1
1966 3
1972 1
1979 3
1994 1
1998 3
2000 1
202 1
2026 1
2029 1
2030 1
2043 1
2044 4
2058 2
2063 5
2065 1
2066 1
2072 1
2108 1
2133 1
2155 1
2157 1
2173 4
2182 1
2186 2
2205 1
2226 1
223 1
2234 3
225 2
2256 2
2262 2
2264 1
228 1
2284 1
2288 1
229 8
2290 4
2294 1
2310 12
2348 1
2349 12
2360 1
2361 3
2369 1
2377 2
238 1
239 4
2393 1
2398 3
240 1
2405 2
2411 1
2431 4
2432 1
2444 1
2448 8
2457 12
2460 3
2463 12
2468 3
2486 36
259 2
264 3
265 3
266 8
267 1
278 1
280 1
281 2
282 3
310 1
314 3
331 2
333 7
334 6
336 1
342 1
343 1
353 1
354 3
363 1
365 2
366 1
370 1
371 6
377 3
382 1
395 4
405 2
409 2
410 1
421 2
422 1
427 1
433 6
436 1
438 1
449 5
460 1
466 8
469 1
474 3
487 11
512 1
53 5
531 1
545 9
547 1
549 2
55 5
555 3
558 2
564 2
565 4
572 1
575 3
577 2
580 1
597 2
605 4
613 2
622 1
625 1
629 1
64 1
646 1
65 1
651 1
655 1
661 3
668 1
684 1
689 1
701 2
743 2
747 1
779 4
792 1
801 1
808 1
850 1
870 2
903 1
907 8
914 1
921 1
926 1
938 1
939 1
941 3
949 3
954 5
959 1
979 1
981 2
986 5
990 10
991 1
996 3
997 1
