1001 5
1018 1
1037 1
1039 4
1042 1
1048 4
1055 1
1056 1
1057 1
106 1
1067 1
1074 1
1077 1
1081 2
1089 1
1096 1
1097 2
1102 4
1106 1
112 1
1127 1
113 1
1132 15
1143 1
1152 1
1163 1
1178 7
1189 3
1195 1
1199 1
1207 1
1216 1
126 2
1271 1
1272 3
1292 2
1306 2
1327 1
1341 1
1353 2
1370 2
138 11
1380 1
139 2
1396 1
1399 13
1409 1
1413 2
1415 12
1417 4
142 9
1421 1
1423 3
1436 2
1438 4
144 2
145 3
1457 2
1475 17
1487 1
151 1
1513 1
1522 1
1570 3
1571 1
1572 1
1601 1
1606 1
1620 7
1633 2
1634 1
1656 1
1679 2
1680 1
1681 1
1682 1
1689 2
1716 2
172 1
1722 1
173 4
1744 3
1745 1
1759 3
1779 5
178 1
1786 1
183 1
1843 1
1847 1
1849 1
1856 1
186 1
1861 2
1895 4
1896 1
1928 1
1946 1
1966 2
1972 1
1976 1
1978 3
1979 1
1994 1
2007 1
202 2
2024 7
2030 2
2038 2
204 6
2056 1
2058 2
2059 1
2066 1
2072 1
2084 1
2085 7
2093 1
2108 12
2114 1
212 1
2143 1
2173 1
2182 1
2186 1
220 2
2220 1
2225 1
223 1
2234 2
2240 1
225 1
2267 3
2271 2
229 5
2302 1
2305 1
232 1
2347 1
2352 7
2361 1
2362 1
2373 2
2375 1
2389 7
239 1
2411 1
2428 2
2432 4
2482 2
2486 24
2496 1
254 1
255 4
258 2
261 1
264 1
270 7
273 1
278 2
280 7
281 1
282 5
286 1
302 2
331 3
333 1
334 1
336 2
337 1
339 2
342 1
349 1
354 16
366 1
368 1
371 2
377 3
387 2
395 1
405 4
410 2
424 3
430 1
433 3
449 1
458 1
460 4
465 1
472 1
512 1
53 7
535 3
54 34
55 12
564 2
565 3
575 28
576 1
577 1
582 2
584 1
588 1
592 2
60 1
600 2
61 1
639 4
64 1
646 3
65 1
651 1
655 1
659 1
706 6
710 1
712 2
730 1
736 1
743 31
747 5
785 1
789 2
790 1
800 1
801 1
802 1
803 3
816 3
82 1
823 1
837 3
852 1
870 1
900 8
902 2
907 1
914 4
924 2
938 3
941 1
949 1
95 1
96 1
961 2
981 1
986 1
990 6
