1002 1
1030 1
1031 1
1043 4
1048 2
1049 2
1055 1
1059 1
1063 1
1068 2
1073 1
1077 1
1079 2
1085 1
1089 1
1094 1
1097 1
1107 1
1111 1
1132 1
1152 1
1155 3
116 1
1178 6
1185 1
1195 1
1211 2
1216 2
1224 1
1225 1
1230 1
1272 1
1274 1
1305 1
1318 1
1321 1
1328 1
1340 2
1363 1
1370 5
1372 1
1380 1
1387 1
139 1
1396 2
1399 3
140 1
1403 6
1409 1
1413 1
142 1
1421 2
143 1
144 1
145 1
146 1
1475 17
1485 3
1490 1
1504 6
1512 4
1519 2
1528 1
1532 1
1557 1
1567 2
1571 3
1572 2
1601 1
1611 1
1621 1
1633 3
1634 2
1670 1
1679 6
1681 1
1689 2
1690 3
1705 2
1718 1
1724 1
173 2
1740 1
1747 3
1763 1
1778 2
1779 2
1791 2
1803 1
1820 1
1822 1
1825 2
1829 1
183 1
1834 1
184 1
1845 1
1847 2
1849 1
1869 1
1885 1
1901 1
1905 1
1922 2
1930 1
1946 2
1955 3
1956 1
196 1
1966 4
1968 1
1976 1
1978 1
1989 1
199 2
1994 1
2014 1
2029 3
2030 6
2034 1
2042 1
2043 1
2053 2
2055 2
2058 1
2072 1
2093 1
2101 7
2106 1
2107 3
2108 1
2113 1
2153 4
2156 1
2198 1
220 1
223 1
2234 1
2240 2
2242 1
2249 4
225 5
2256 1
2260 1
2269 1
2278 1
2284 2
2288 1
229 1
2290 5
2315 1
233 1
2347 2
2352 1
2375 1
2377 1
2379 10
2388 1
2409 1
2415 2
2416 1
2486 28
2497 1
256 1
258 2
259 2
265 1
267 1
270 1
272 1
273 2
278 6
280 4
281 3
282 8
284 1
286 1
310 1
319 1
331 11
337 2
339 11
342 1
343 1
350 1
354 5
363 1
365 3
366 3
368 4
370 2
371 1
377 1
402 5
405 6
408 1
419 1
428 4
431 1
433 16
434 2
440 1
447 1
459 1
460 5
466 1
474 2
512 1
526 1
53 4
54 4
549 1
55 7
558 2
562 1
564 9
565 1
570 2
575 2
577 2
584 1
591 4
60 2
600 1
61 2
613 1
618 1
619 1
634 1
635 1
639 1
64 1
647 2
65 1
655 3
660 1
661 1
688 1
709 1
710 1
712 1
720 9
723 1
736 1
743 6
745 1
747 2
773 1
780 1
786 1
789 2
796 1
800 4
801 1
802 1
810 1
811 1
816 1
82 2
84 6
864 1
893 1
899 1
900 3
903 3
907 4
915 1
923 4
929 1
935 1
940 1
941 1
948 3
949 2
970 1
973 1
979 2
981 2
986 6
990 2
997 1
998 1
