103 1
1037 1
1039 1
1042 1
1043 12
1048 7
1055 1
1057 2
1064 1
1068 2
1071 19
1073 1
1079 2
1080 1
1081 1
1082 1
1085 1
1093 1
1096 1
110 1
1107 16
1113 1
1119 5
1127 2
1136 3
1154 1
1171 2
1174 5
1178 7
1181 1
1192 1
1202 1
1216 1
1223 3
1224 1
1236 10
1239 1
1248 1
1259 2
1265 1
1270 1
1271 4
1273 4
128 1
1289 1
1295 1
1302 1
1321 2
1326 1
1327 1
1330 4
1335 1
1340 5
1360 1
1370 7
1383 1
139 1
1395 1
1399 8
140 1
1405 2
1409 1
141 1
1429 1
1431 4
147 1
1470 1
1475 30
1478 2
1483 1
1485 8
150 2
1500 1
1501 3
1506 1
1512 1
1513 3
1522 1
1528 1
1542 1
1543 1
1555 1
1562 1
1565 6
1566 1
1567 1
1571 4
1572 1
1587 3
1601 3
1609 1
1620 5
1633 5
1634 2
1645 1
1646 1
1674 1
1675 1
1681 1
1689 1
1705 1
1716 11
1724 2
173 5
1744 1
1760 1
177 1
1773 3
178 2
1810 3
1826 1
183 5
1833 1
184 1
1841 2
1847 5
1849 1
1883 2
1895 5
1901 8
1905 4
1920 1
1942 7
1946 3
1955 4
1964 2
1966 7
1978 1
1979 2
1993 2
1996 6
1997 1
1998 1
2007 1
202 1
2030 3
2053 4
2055 2
2061 1
2072 3
2073 1
2076 1
2077 1
2082 1
2083 3
2093 2
2104 2
2107 2
2111 1
2113 2
2116 5
2118 1
2135 5
2140 1
215 1
2154 1
2155 1
2157 3
2162 4
2169 1
2186 1
2192 1
2216 1
2223 1
2226 1
223 1
2234 1
2237 1
2240 1
2249 1
225 1
2255 1
2256 1
2279 1
228 2
2296 1
2305 7
2313 1
2315 1
233 1
234 1
2342 1
2347 1
2352 1
2358 1
2359 1
2373 2
2385 1
2388 1
239 1
2395 1
2424 4
2431 1
246 1
248 3
2486 56
249 1
254 2
258 3
271 1
272 1
277 1
278 3
282 1
286 1
319 1
329 1
331 11
332 3
334 4
336 3
337 1
339 9
340 1
342 1
343 1
348 3
353 1
354 5
366 2
368 4
370 4
371 1
380 1
399 1
402 1
405 14
408 3
410 2
417 4
427 1
428 2
433 8
434 1
444 1
455 4
459 3
460 5
466 2
473 1
487 7
495 1
504 1
512 2
515 1
52 2
524 1
53 8
54 6
55 9
555 1
558 1
565 1
567 1
572 1
575 9
60 10
601 1
603 3
605 3
61 10
611 2
619 3
629 1
639 3
64 1
640 4
646 2
65 1
655 4
659 1
661 1
665 1
682 1
710 2
719 1
722 1
727 1
731 1
743 1
745 1
747 1
749 3
769 1
771 1
773 1
779 2
780 1
782 1
786 4
793 1
800 2
801 1
802 2
803 2
804 1
808 1
814 1
82 1
823 2
834 1
837 5
838 2
84 1
849 1
85 3
851 3
870 4
895 2
90 1
914 1
926 3
94 1
941 1
946 1
949 5
954 3
97 2
981 1
986 7
