1001 2
1024 2
1028 1
1031 1
1033 1
1043 12
1047 1
1048 3
105 1
1055 4
1057 1
1059 1
1067 3
1068 1
1071 8
1074 1
1077 3
1079 2
1081 1
1096 5
1101 1
1107 9
1119 3
1127 1
1135 1
1142 2
1143 1
1156 1
117 1
1171 6
1172 1
1174 5
1178 4
118 2
1185 1
1189 7
1192 5
1215 1
1223 3
1230 1
1236 4
1239 1
1255 1
126 2
1265 1
1271 6
1273 1
128 1
130 1
1302 1
1315 1
1319 3
1321 5
1330 4
1336 1
1340 3
1353 1
1370 4
138 1
1380 1
1383 1
1399 3
140 6
1404 1
141 1
1413 1
142 8
1432 2
1434 2
1438 1
144 1
1446 1
145 3
1455 1
146 1
1475 8
1478 2
1485 3
1486 1
1487 2
1522 3
1528 1
1540 2
1543 1
1563 2
1565 1
1571 1
1572 2
1573 1
1597 1
1606 1
1608 1
1616 1
1620 3
1639 1
164 1
1642 1
1681 3
1686 2
1688 1
1689 3
1705 1
1716 9
1718 1
172 2
1728 1
173 1
1737 1
1738 1
1749 5
1757 3
1760 1
178 1
1787 2
1788 1
179 1
1792 1
1793 1
1805 1
183 3
1832 1
1833 1
1849 2
186 1
1869 2
1873 1
1900 2
1901 5
1905 10
1906 2
1909 1
1937 1
1942 7
1946 4
1950 1
1959 1
1967 1
1969 2
1972 1
1976 1
198 1
1980 1
1988 1
1996 1
1998 1
202 4
2024 1
2026 1
2029 1
203 1
2030 2
204 1
2063 1
2064 2
2077 1
209 1
2091 2
2093 6
210 1
2104 1
2113 2
2117 1
2118 1
212 1
2127 2
2128 1
2131 2
2134 1
214 2
2154 1
2156 2
2157 1
2181 1
2185 2
2192 3
2196 3
2200 1
2211 2
2221 1
223 1
2234 3
2245 1
225 1
2255 1
2256 6
2267 1
2271 1
228 1
229 9
230 3
2305 7
2307 1
2316 1
2336 2
234 1
2349 3
2360 2
2370 1
2373 2
2377 3
2395 1
2424 1
2442 1
248 3
2481 4
2483 3
2484 3
2486 40
2489 1
2497 1
2498 2
251 2
254 1
256 2
258 4
261 1
266 1
270 1
273 1
278 1
281 3
291 2
306 1
307 1
310 1
331 4
333 1
334 2
337 4
339 9
340 2
349 3
353 5
365 5
368 3
370 2
371 1
377 1
395 2
399 1
405 4
407 1
409 3
410 2
417 1
423 3
424 2
427 1
428 1
430 2
433 7
434 2
446 1
447 2
455 5
460 4
466 1
474 1
476 1
477 1
487 10
502 1
53 3
54 2
547 1
55 4
558 1
559 1
575 6
577 1
584 1
594 1
60 7
600 1
605 3
61 7
613 2
614 1
617 1
629 4
639 7
646 3
651 1
655 2
660 1
661 1
683 1
689 3
714 1
719 1
723 1
731 1
738 1
753 1
763 1
773 1
786 2
789 2
792 1
795 1
800 2
802 2
805 3
82 1
823 2
834 1
837 4
838 1
84 2
85 3
853 1
86 1
890 2
895 1
896 1
899 1
903 16
907 1
915 1
923 1
941 3
949 1
95 1
951 1
954 1
97 3
979 1
986 10
989 1
990 11
991 1
997 7
