1001 1
1022 1
1031 1
1037 1
1043 9
1048 5
1055 1
1070 1
1073 1
1074 1
1077 2
1079 1
1080 1
1082 1
1089 2
1094 1
1097 1
1155 1
1178 3
1181 1
1183 1
1192 2
1211 6
1224 2
1227 1
1230 1
1239 1
1255 1
1259 8
1272 2
1285 1
1295 1
1299 1
130 1
1306 2
1311 1
1321 2
1327 1
1330 2
1335 1
1353 1
1360 1
1362 1
1380 6
1383 1
1396 1
1399 1
140 2
1403 6
1413 3
142 1
1438 1
146 1
1471 5
1475 24
1477 2
1485 1
150 2
1504 1
1512 1
1518 1
1522 1
1563 1
1569 1
1570 1
1617 2
1620 3
1622 1
1634 3
1635 1
1645 2
166 1
1670 2
1679 6
1689 1
1719 3
173 1
1730 1
1741 5
1744 3
1745 4
1747 6
1748 1
1749 2
176 1
1773 2
1778 2
1825 5
183 3
1840 1
1841 2
1847 5
1849 4
1850 1
1858 1
186 2
1873 1
1897 1
1902 1
1909 5
1918 10
1922 2
1930 2
194 1
1946 5
1953 1
1955 2
1956 1
1972 2
1988 1
1995 3
1996 1
2014 1
202 1
203 1
2030 5
2031 1
2034 1
2038 1
2043 1
2044 1
2053 4
2055 1
2059 1
2063 1
2064 1
2092 1
2093 1
2101 15
2132 1
214 1
2153 2
2155 1
2173 3
2186 1
2196 1
2226 1
223 1
2234 1
2240 2
2249 1
225 3
2267 1
2271 1
2273 1
2288 2
229 3
2290 2
2295 2
2315 4
2317 3
232 1
2342 1
2347 7
2373 1
2379 32
2385 1
2388 1
2411 1
2415 10
2431 1
2467 1
2483 7
2484 7
2486 34
2489 1
2496 3
2497 1
2507 4
251 1
2512 4
2517 4
254 1
263 3
265 2
272 2
273 1
278 4
280 2
281 2
282 4
310 6
314 1
319 1
331 4
334 3
336 3
339 8
340 3
349 3
353 3
354 5
356 1
363 4
366 2
368 1
370 4
371 2
375 1
377 2
390 3
394 1
395 1
396 1
405 10
408 1
410 2
422 3
424 1
430 2
433 21
434 1
436 1
437 1
439 1
446 1
449 1
451 1
459 2
460 2
464 2
466 1
474 3
476 2
485 1
486 1
504 2
53 4
54 1
55 16
555 1
558 3
564 4
565 1
575 7
587 1
60 12
600 1
61 12
624 1
629 6
639 2
646 1
647 1
651 1
655 2
661 1
663 5
686 1
710 2
720 24
736 1
743 7
747 4
752 2
759 2
771 3
773 1
786 2
790 5
800 8
802 1
803 1
810 2
825 1
84 1
85 1
870 1
892 1
894 1
899 1
900 6
902 1
903 3
907 6
923 2
926 1
938 1
941 4
948 1
952 1
954 1
958 1
964 1
973 4
979 3
986 10
989 2
990 6
997 1
998 1
