1 1
1023 1
1031 8
1039 1
1042 2
1043 1
1055 2
106 1
1077 1
1080 1
1094 1
11 13
1102 3
1111 2
1115 1
1117 1
1143 1
1152 1
1155 2
1178 8
1185 1
1190 1
1195 1
12 1
1211 2
1271 1
1273 1
130 1
132 1
1321 1
1340 2
1370 12
1372 1
1380 6
1387 3
140 2
1403 5
1409 3
144 3
1443 1
146 1
1475 22
150 2
1504 1
151 2
1512 2
1528 1
1532 1
1563 2
1570 1
1571 5
1572 3
1576 1
1620 2
1633 2
1635 1
1638 1
1671 1
1679 1
1686 1
1688 1
1716 2
1721 1
173 1
1730 1
1740 1
1741 6
1743 3
1744 4
1745 6
1747 4
1749 1
177 1
178 3
1787 1
1788 1
179 1
1793 1
184 1
1842 1
1847 2
1849 2
1909 7
191 1
1912 1
1922 1
1946 5
1953 2
1955 2
1956 2
1960 3
1972 1
1978 4
1980 1
2024 2
2029 1
2030 2
204 1
2042 1
2043 1
2053 1
2059 1
2065 1
2075 2
2093 1
2101 9
2139 2
2148 1
2153 1
2157 1
2167 1
2186 1
2224 1
2229 1
223 3
2233 1
2242 1
2249 4
225 2
2278 1
228 1
2288 1
229 2
2290 4
2291 1
230 1
2347 1
2349 1
2379 16
2428 1
2447 1
2468 1
2481 1
2483 1
2484 1
2486 30
2489 1
2497 1
2498 1
2544 1
255 1
2559 1
2568 2
2569 1
2578 1
258 1
2584 1
2585 1
2587 1
2591 1
2593 1
261 1
2639 1
2641 1
2643 1
2645 1
2651 2
266 1
272 1
280 6
281 1
282 3
284 3
291 1
295 1
306 1
307 1
310 1
33 1
331 6
333 1
336 4
339 6
340 1
343 3
353 2
354 4
368 1
371 6
377 1
378 1
386 1
390 1
397 1
399 1
402 1
405 5
408 1
409 2
41 1
410 6
413 1
424 1
428 2
430 2
433 22
434 2
44 2
440 1
441 2
455 2
459 1
460 4
466 3
473 1
474 2
481 1
494 1
502 1
53 3
54 5
55 4
562 1
564 3
565 5
575 1
577 1
584 2
588 1
60 18
600 2
605 1
61 18
629 1
639 3
646 4
647 2
651 1
661 2
685 1
7 1
705 1
710 1
718 2
720 11
721 1
736 1
745 1
771 5
780 4
786 1
789 3
798 1
8 1
800 1
804 1
82 3
837 1
84 1
870 1
899 1
900 2
903 5
907 3
914 1
923 3
941 1
948 5
951 2
966 1
97 1
973 1
979 4
986 6
990 2
997 2
