1005 8
1035 1
1037 2
1043 8
1046 1
1048 3
1055 1
1057 1
1068 2
1074 1
1079 1
1082 2
1102 1
1105 1
1111 1
1127 3
1135 3
1152 1
1155 2
1169 1
1178 4
118 1
1185 1
1189 6
126 1
1289 1
130 2
1321 5
1330 1
1335 16
1336 1
1340 1
1348 2
1372 1
1383 3
1387 1
139 1
1399 2
1403 2
1413 1
1417 2
1434 1
144 2
1447 1
145 1
1459 1
1470 2
1475 10
1478 1
1485 3
1487 3
1488 1
1499 2
150 3
1501 2
1506 1
1534 1
1540 2
1542 1
1543 1
1544 1
1545 11
1550 1
1556 7
1571 1
1572 3
1601 2
1613 2
1620 1
1633 1
1634 1
1670 2
1680 2
1716 3
1720 1
173 2
1744 1
1787 1
179 1
1805 1
183 3
184 2
1849 2
1875 1
1895 1
1905 1
1917 1
1922 11
1923 2
194 2
1964 1
1966 4
1972 1
1976 3
1979 3
1988 1
1998 1
2024 3
2026 4
2038 1
204 1
2058 2
2068 2
2072 1
2079 1
2095 1
2107 1
2155 1
2157 2
2162 1
2169 1
2174 1
2186 2
2226 1
2234 2
225 1
2265 1
2273 1
228 7
229 1
2296 1
230 2
2319 2
2361 2
238 5
2383 1
2385 2
2388 1
2389 1
239 11
2405 1
2432 2
2486 18
258 1
261 9
264 3
280 2
282 4
290 1
319 1
331 3
333 3
334 2
337 1
339 1
342 1
349 1
353 2
354 3
366 3
368 2
377 2
402 2
405 1
408 1
410 1
424 3
428 1
430 1
433 1
438 1
443 1
459 3
460 1
466 2
472 2
474 2
487 5
504 1
506 1
512 1
515 3
524 1
53 6
54 5
55 10
557 1
564 1
575 1
577 2
595 3
600 1
613 1
617 1
64 1
646 2
65 1
682 1
683 1
710 2
736 1
767 2
789 3
791 3
800 2
801 1
811 1
815 2
82 3
827 2
833 1
84 2
845 2
863 1
900 1
903 1
907 1
911 3
926 7
941 1
946 1
948 3
949 1
95 2
954 1
956 1
966 1
971 3
981 2
997 1
