1001 1
1010 1
1043 4
1047 2
1048 6
1055 1
1057 2
1064 3
1067 2
1077 1
108 1
1096 1
1102 5
113 1
1131 1
1143 2
1155 2
1178 6
1185 1
1192 1
1207 21
1210 1
1217 5
1248 2
1259 1
1263 1
1271 1
1272 1
1273 1
1289 2
1301 2
1303 3
1321 2
1326 1
1327 1
1328 2
1331 1
134 3
1340 4
1372 1
1378 1
138 5
1380 1
1381 1
1387 12
139 4
1393 1
1399 6
140 3
1405 2
1409 1
141 1
1413 1
1417 1
142 3
1429 1
1439 11
1442 8
145 4
146 1
147 1
1475 13
1477 2
1483 21
1485 6
1487 1
1491 1
1513 2
1521 1
1522 1
1571 1
1587 1
160 1
1608 3
1633 3
1634 1
1658 1
1672 5
1678 1
1679 1
1689 3
1690 1
173 7
1733 1
1744 2
175 1
1757 1
1761 2
178 1
1787 2
1791 1
1826 3
183 2
1833 1
1838 1
184 2
1849 1
1870 1
1882 1
1883 5
1894 1
1905 3
1910 3
1922 1
1923 4
1943 2
1946 13
1955 1
1957 5
1960 1
1964 2
1966 1
1968 4
1972 2
1975 2
1976 1
1979 1
2012 2
2026 1
2029 3
2030 3
204 3
2043 1
2056 1
2058 1
2060 2
2064 1
2072 1
2077 1
2091 1
2113 1
212 1
2148 1
2155 1
2173 1
2186 1
2232 1
2234 1
2239 2
2240 1
225 2
2256 2
2268 5
2273 1
228 6
229 10
2295 1
2296 1
2299 2
230 2
2303 1
2307 1
2317 1
2355 21
2387 1
239 5
2392 1
2395 1
2398 1
2432 2
246 2
2468 1
247 1
248 1
2481 1
2486 37
2497 2
258 1
265 5
270 3
277 3
278 1
281 1
282 6
302 1
331 3
332 1
333 8
334 5
336 2
339 1
342 2
343 1
353 1
354 1
365 1
366 3
371 6
377 3
382 3
384 2
390 1
395 5
405 2
410 3
424 1
427 1
428 2
430 3
433 13
455 2
456 1
459 1
460 5
465 13
466 6
474 1
512 1
524 5
526 3
53 5
54 4
55 13
555 5
564 6
565 5
575 3
577 1
580 1
584 1
600 1
613 1
64 1
646 1
647 1
65 1
659 1
665 3
693 1
710 5
713 1
743 2
747 3
755 1
771 2
785 1
790 1
795 1
801 2
822 2
823 3
828 2
83 1
86 1
863 1
87 1
870 2
90 1
903 3
914 3
915 1
923 4
926 2
929 4
941 6
949 1
951 2
954 2
971 1
973 1
981 1
986 3
989 1
990 18
997 3
998 1
