1001 1
1002 1
1007 2
101 2
1022 1
1023 3
1031 6
1035 2
1037 4
1042 3
1043 10
1047 3
1048 10
1056 2
1057 1
1069 3
1074 3
1077 1
1079 5
1082 2
1085 1
1094 2
1097 3
1104 1
1107 3
1111 3
112 2
1125 2
113 1
1132 1
1135 2
1148 1
1155 1
1156 2
116 2
1169 2
1178 10
1192 3
1207 1
1224 1
1227 1
1230 1
1259 1
1272 2
1273 1
1274 1
129 8
1292 8
1295 1
1296 1
130 1
1300 1
1305 1
1306 1
1321 1
1322 2
1335 1
134 2
1340 3
1348 1
1353 4
1370 7
1372 2
1380 14
1387 2
139 2
1396 1
1399 1
140 5
1403 17
1405 1
1406 1
1407 1
1409 6
141 4
1413 1
1417 1
1431 2
1434 1
1443 1
146 1
1475 31
1485 2
150 1
1504 7
1512 3
1513 2
1522 4
1532 1
1538 1
1545 1
1567 1
1570 1
1571 9
1592 1
1604 1
1608 1
1611 3
1620 7
1633 6
1634 5
1652 1
1670 1
1679 3
168 1
1681 2
1682 2
1690 1
1705 1
1716 3
1718 1
1724 1
173 4
1740 2
1741 15
1744 3
1745 6
1747 13
175 2
1778 2
178 2
1791 1
1816 1
1825 16
183 4
1833 1
184 2
1840 3
1847 23
1849 2
186 1
1864 1
1891 1
1909 14
1918 7
1922 2
1928 1
1930 2
1937 1
194 1
1946 16
1953 1
1955 3
1956 4
1964 1
1966 10
197 8
1971 2
1972 2
1976 4
1989 4
199 1
1994 3
1996 1
2006 1
2007 1
2012 2
2024 8
2029 3
2030 7
2034 3
2036 1
2037 1
2038 1
2051 1
2056 1
2059 1
2063 1
2064 10
2068 1
2072 2
2073 1
2076 1
2084 1
2091 3
2093 1
2101 12
2106 2
2107 1
2108 2
2113 10
212 3
2128 1
2139 2
2148 1
2153 13
2155 6
2161 2
2173 1
2186 1
220 2
2204 1
2223 1
2226 2
223 4
2234 3
2240 4
2249 1
225 5
2256 1
2271 8
2282 1
2284 1
2288 3
229 1
2290 6
2295 2
2299 2
2307 1
2317 1
2335 1
2361 1
2366 2
2367 1
2373 2
2375 2
2377 1
2379 31
238 2
2385 2
2388 6
2393 1
2415 7
2432 1
2461 1
248 1
2483 1
2484 1
2486 78
251 1
254 1
258 1
261 3
263 6
264 2
265 3
270 7
272 4
273 1
277 1
278 2
280 3
281 4
282 7
284 4
291 3
302 1
312 1
316 2
319 6
331 20
336 2
339 10
342 1
349 1
353 1
354 24
363 5
366 7
367 2
369 1
371 8
399 1
402 2
404 1
405 6
408 7
410 5
424 1
430 2
433 26
434 2
440 1
449 1
453 1
459 3
460 4
465 2
466 1
471 3
472 2
473 1
474 7
476 1
479 1
488 1
493 2
500 1
512 2
515 1
517 1
521 1
526 4
53 14
54 8
545 1
55 30
555 1
558 2
564 5
565 2
575 3
577 1
580 1
581 2
582 1
584 7
597 1
60 8
605 2
608 1
61 8
613 1
639 2
64 2
646 1
647 5
65 2
651 1
655 1
656 1
661 2
668 1
689 1
709 1
710 1
712 2
719 2
720 17
743 10
747 8
759 1
771 1
773 4
780 8
785 2
786 2
789 7
790 4
792 1
800 4
801 3
802 1
803 2
804 1
811 1
82 3
823 4
833 1
84 1
841 1
852 1
877 1
899 2
900 13
902 1
903 13
907 19
914 1
915 1
923 4
938 1
941 1
948 3
949 4
95 4
951 3
954 6
956 1
960 1
963 1
977 1
979 4
981 6
986 10
990 2
991 1
997 2
