1018 1
1023 5
1031 13
1040 1
1043 5
1048 8
1049 2
1055 2
1056 1
1059 1
106 1
1066 1
1069 1
1089 1
1094 2
1097 1
110 2
1102 1
1106 1
1113 1
1126 1
113 1
1130 2
1155 2
1173 1
1178 10
1185 1
1192 1
1216 5
1224 1
1239 1
1259 1
1277 1
130 2
1300 5
1320 2
1321 1
1326 1
1327 1
1330 2
1342 1
1348 5
1370 1
1372 1
1376 1
1380 12
139 2
1399 3
140 1
1400 2
1403 9
141 1
1417 1
1425 1
144 1
1451 1
1463 1
1475 30
1480 1
1485 1
1504 4
1512 5
152 1
1522 1
1528 1
1566 3
1569 2
1570 1
1571 1
1572 6
158 1
1601 1
1604 1
1615 1
1616 1
1623 1
1633 1
1634 3
164 1
1670 2
1686 2
1689 1
1696 1
1702 1
1704 1
1709 1
1724 1
173 2
1740 2
1741 2
1744 3
1745 1
1747 2
1773 1
1779 5
178 1
1825 7
183 1
1831 1
184 5
1847 8
1848 1
1849 1
186 1
1867 1
1909 2
1918 1
1930 1
1934 1
1937 2
1940 1
1946 1
1951 1
1955 6
1959 1
1964 2
1966 1
1968 1
1969 1
197 2
1972 4
1988 1
1994 2
1995 1
1998 1
2001 1
2008 1
2012 1
2013 2
2019 2
202 1
2024 1
2029 4
2030 7
2034 2
2043 1
2044 1
2046 1
2053 3
2055 1
2059 1
2061 1
2063 1
2070 1
2072 2
2077 1
2091 3
2092 2
2093 1
2101 10
2106 1
2107 4
2110 1
2135 1
2139 2
2143 1
2148 2
2153 2
2154 2
2181 1
2186 1
2223 1
2226 1
2229 1
223 1
2249 2
225 1
2256 1
228 1
2288 4
229 1
2290 1
2307 1
2317 2
2321 1
2349 3
2354 1
2357 1
2368 1
2379 30
2383 1
2384 1
2387 1
2388 4
2394 1
240 1
2405 1
2415 1
2432 1
2451 1
2452 1
2468 1
2483 12
2484 12
2486 56
2489 1
2497 1
2498 4
251 1
2551 1
2554 1
2555 1
2557 1
2558 1
2560 1
2581 1
259 2
2596 1
2597 1
261 1
263 1
2630 1
2635 1
2638 1
264 1
2640 1
2642 1
265 1
2657 1
270 1
272 1
273 4
275 3
278 5
280 11
281 4
282 4
283 1
284 2
286 1
290 1
291 2
292 1
302 1
304 1
307 1
309 1
319 5
32 1
331 11
332 1
336 4
337 3
338 1
339 17
34 1
342 2
343 1
344 2
349 1
353 5
354 5
363 4
365 1
366 7
367 1
368 3
370 1
371 10
372 1
377 1
380 1
395 1
405 14
408 1
410 6
423 2
425 1
430 4
433 16
439 1
440 2
446 2
451 1
455 2
458 1
459 11
46 1
460 8
466 5
472 1
474 3
500 1
501 1
518 2
521 2
524 1
53 4
532 2
54 22
55 12
555 1
558 1
564 6
575 5
577 1
580 2
597 1
60 40
600 4
603 1
61 40
628 5
634 1
639 1
646 5
647 3
651 2
655 2
688 1
693 1
709 1
714 6
718 9
72 2
720 12
723 1
727 1
73 1
730 1
733 1
74 1
743 11
744 1
745 1
747 1
748 1
749 2
75 1
76 1
760 2
77 1
771 6
78 1
780 2
785 3
786 1
790 5
792 2
796 1
800 3
802 1
803 1
817 1
82 5
822 1
823 4
84 3
845 1
846 1
871 1
887 2
896 1
900 3
903 1
907 3
923 1
926 2
937 1
939 1
941 1
948 2
949 3
951 2
954 1
961 3
97 1
971 2
979 2
986 19
988 1
995 1
997 1
998 1
