10 5
1001 8
1031 1
1043 10
1047 2
1048 5
1057 1
1064 1
1067 1
1074 4
1079 2
1080 2
1089 1
1096 3
1097 2
1132 7
1135 11
1178 17
1185 1
1189 2
1192 1
1198 2
1259 4
126 1
1273 4
1274 1
1301 2
1305 16
131 1
1321 3
1330 2
1340 4
1341 1
1353 2
138 20
1389 6
139 1
1399 8
140 4
141 7
1413 10
1414 3
1415 8
1416 2
142 1
144 1
145 1
1457 5
146 1
147 1
1475 5
1485 1
150 2
1513 9
1522 3
1567 1
1570 37
1571 2
1572 1
1601 8
1608 2
1634 7
1635 2
164 3
1656 18
1679 2
1681 6
1686 3
1688 1
1718 1
173 2
1744 2
1745 4
1747 1
1749 4
175 2
1759 4
1773 1
178 4
1825 4
183 3
1833 2
184 2
1847 3
186 23
1868 7
1905 1
1928 3
1944 1
1946 6
1955 1
1966 1
1972 2
1976 1
1978 4
1979 1
2007 7
202 6
2029 1
204 2
2064 1
2072 1
2077 1
2085 22
2091 1
2101 1
2108 8
2110 1
2113 1
2116 1
214 2
2148 1
2155 1
2181 3
2186 1
2192 3
220 1
2226 3
2234 2
2239 2
2240 4
225 1
2256 1
2267 2
2282 16
229 3
2315 1
232 1
2330 1
2341 1
2352 1
2355 3
2361 1
2367 1
2373 3
2375 2
2388 2
2393 2
2428 5
2431 1
2432 4
2486 29
2497 2
251 1
255 1
258 4
263 2
265 1
270 8
272 2
273 2
278 3
280 1
282 2
291 1
302 1
307 2
310 1
331 15
334 6
336 1
339 6
345 2
347 2
349 4
353 1
354 8
362 3
363 3
365 4
366 2
368 1
370 1
371 13
377 2
399 3
410 1
425 1
428 1
430 1
433 1
440 1
446 2
453 2
455 2
459 5
460 3
487 1
488 1
493 1
512 3
521 1
53 7
535 1
54 19
55 19
564 2
565 2
575 28
588 1
60 17
61 17
64 1
646 1
65 1
655 1
661 2
706 13
710 8
712 1
743 49
747 12
773 1
780 3
786 1
789 5
790 7
800 1
801 1
803 1
804 1
823 1
852 1
887 1
890 1
899 6
9 5
900 1
903 1
907 3
914 1
924 1
938 3
948 1
949 1
951 1
954 2
973 2
979 2
981 1
985 1
986 4
990 6
