1001 1
1022 1
1026 1
1031 2
1037 1
1042 1
1043 4
1048 3
1057 1
1068 2
1070 2
1077 2
1079 3
1080 1
1089 3
1092 1
1097 1
110 1
1111 1
1178 2
1185 1
1192 1
1198 1
1201 1
1211 3
1222 1
1235 1
1247 2
1250 3
1272 1
1273 2
1274 3
130 2
1300 3
1301 3
1306 1
131 2
1321 3
1327 1
1330 9
1353 4
1370 1
138 2
1380 1
1387 1
1388 1
139 2
1396 1
1399 2
140 3
1403 8
1407 2
1409 1
141 1
1413 1
1421 1
1426 1
1429 1
1434 3
144 1
1446 1
146 3
147 2
1471 1
1475 24
1485 1
1491 2
150 2
1504 2
1507 1
151 1
1513 5
1519 1
1520 1
1522 4
1528 2
1567 2
1570 2
1571 4
1572 4
1598 1
1601 1
1611 1
1620 2
1634 4
164 1
1652 2
1657 1
1670 4
1679 6
1681 3
1682 1
1688 1
1689 1
1705 2
1722 1
173 6
1740 1
1741 7
1743 2
1744 4
1747 5
1749 1
1761 2
1773 1
178 6
1784 1
179 3
1825 10
1829 1
183 3
184 1
1845 1
1847 12
1882 1
1905 4
1909 1
1930 1
1937 2
1946 4
1948 1
1955 4
1956 1
1972 1
1976 1
1994 1
2001 1
2007 3
2024 1
2029 2
203 1
2030 10
2034 2
2036 1
205 1
2053 4
2055 1
2056 2
2058 1
2063 3
2064 4
2066 1
2070 2
208 2
2091 3
2092 1
2094 1
2101 19
2103 1
2107 1
2109 1
2113 4
212 2
2128 2
2135 1
2139 1
214 1
2150 1
2153 8
2155 3
2156 1
2159 3
2173 1
223 1
2239 2
2249 2
225 1
2256 2
2277 2
2287 1
2288 1
2290 2
2295 1
2306 1
2312 1
2315 5
2333 1
2335 2
234 1
2349 1
2352 1
2365 1
2373 3
2374 1
2375 2
2379 20
238 1
2388 4
2393 1
2395 1
240 1
2405 1
2411 2
2430 1
2435 1
2483 7
2484 7
2486 34
2487 3
2489 1
2496 1
2497 3
2498 3
254 1
256 1
258 1
263 1
270 5
272 6
278 3
280 5
282 2
291 2
301 1
316 3
319 4
328 2
331 10
336 1
339 7
353 6
354 11
356 1
363 1
366 1
367 1
368 2
380 3
402 1
405 8
410 2
422 1
428 1
430 2
433 14
435 2
439 1
446 3
453 1
455 1
460 5
466 1
472 3
474 4
488 2
500 1
521 1
525 1
526 7
53 4
54 15
55 10
558 2
564 5
565 3
575 5
584 3
588 1
591 3
597 4
600 8
624 1
628 1
635 1
639 1
646 1
651 1
655 6
661 1
669 1
709 1
711 1
718 1
719 1
720 12
738 2
743 7
747 3
752 1
760 1
769 1
771 2
773 4
785 1
789 1
790 1
792 1
800 6
803 1
810 1
811 1
816 1
82 2
852 1
899 1
900 4
907 8
920 1
923 1
926 3
940 1
948 5
949 1
95 3
954 2
96 1
961 1
966 1
969 1
973 1
979 3
981 1
986 17
987 2
