1001 2
1022 1
1043 4
1048 6
1055 2
1077 1
1088 1
1089 1
1094 1
1096 9
1097 3
1107 2
1121 1
1122 1
1123 1
1142 2
1145 2
1152 1
1178 5
1185 1
1189 5
1192 2
1198 1
1211 1
1214 2
1224 1
126 6
1272 1
1273 1
1287 1
1289 1
1295 1
1296 1
1301 2
1302 1
132 1
1330 1
134 1
1341 1
1360 1
1375 1
138 2
1389 6
139 2
1396 1
1399 4
1409 1
141 1
142 6
1423 1
1429 1
1434 1
1438 1
144 2
145 3
1457 3
147 1
1471 1
1475 14
1485 1
1486 1
1487 10
1491 2
150 2
1516 1
1524 1
154 1
1567 1
1570 16
1571 5
1572 1
1601 1
1606 3
1608 1
1620 6
1633 1
1634 3
1637 1
164 2
165 1
1656 2
1666 1
1679 4
1680 1
1681 1
1685 1
1689 2
1705 1
1716 2
1724 1
1725 3
173 1
1740 3
1743 3
1749 1
1759 2
1771 1
1773 3
178 1
1787 7
179 1
1806 1
1819 1
183 2
1849 2
186 1
1868 8
1895 2
1908 1
1928 1
1966 2
1972 4
1979 2
1994 2
1996 2
2007 5
202 3
2024 4
2029 1
2030 2
204 5
2044 4
2046 1
2053 1
2058 2
2068 2
2085 5
2101 1
2105 1
2116 1
214 3
2141 1
2143 1
2144 1
2148 1
2155 1
2156 1
2181 2
2182 1
2183 1
2198 1
2200 2
2208 2
2211 1
2217 1
2220 1
2234 1
2240 2
2249 1
225 1
2256 2
2272 1
2273 1
2277 2
229 4
230 5
2302 1
2316 1
232 1
2330 1
2352 5
2377 1
2389 1
2391 1
2395 1
2428 3
2429 1
2432 3
245 1
248 1
2481 1
2483 2
2484 2
2486 37
2489 1
2496 3
2497 1
2498 1
255 4
256 1
265 2
272 1
280 6
281 3
300 1
306 1
310 1
326 2
331 8
333 1
334 2
339 3
340 1
342 1
348 1
349 3
353 3
354 10
356 1
363 3
365 4
368 1
370 1
371 2
377 4
390 1
395 2
402 1
405 5
409 1
410 6
421 2
422 1
423 1
424 2
425 1
427 1
434 1
444 1
446 1
459 1
460 3
465 1
466 1
472 1
487 1
491 1
504 1
512 5
515 1
526 2
529 1
53 4
533 1
535 1
54 1
55 10
555 1
558 1
564 1
565 5
575 12
579 1
585 1
588 1
60 6
600 1
605 1
607 1
61 6
62 1
629 1
63 1
630 1
639 1
646 2
655 3
661 1
668 1
674 1
676 2
685 1
689 1
691 1
706 1
710 1
714 2
736 1
743 9
747 1
752 4
753 1
780 1
786 2
789 2
790 9
791 2
798 1
800 1
803 1
819 1
82 1
823 3
84 1
854 1
870 2
896 2
900 5
903 1
914 2
923 1
924 1
946 1
956 1
966 1
971 1
973 1
979 2
986 3
989 1
990 6
