1001 4
1022 3
1031 1
1039 1
1042 2
1043 14
1048 2
1056 1
1057 1
1063 3
1067 3
1074 2
1077 3
1079 7
1082 1
1094 1
1096 2
1106 2
1111 2
1118 2
113 2
1132 5
1135 1
1143 1
116 3
1178 4
1189 2
1192 1
1248 2
1255 1
1259 2
126 2
1273 2
1274 2
1285 1
1295 1
130 2
1302 1
1306 2
1321 1
1327 1
1353 1
1378 1
138 14
1389 2
1396 2
1399 13
1403 2
1413 5
1415 2
1423 1
1424 1
1432 1
1438 1
144 1
1443 1
145 2
1455 1
1457 3
146 2
147 1
1475 21
1485 6
1513 2
1570 14
1571 1
1572 1
1601 9
1606 1
1608 1
1620 1
1633 2
1634 1
1635 2
164 13
1642 1
1652 1
1656 7
1679 1
1681 2
1682 2
1686 1
1689 1
1718 1
1745 1
1747 1
1749 5
175 2
1759 1
177 2
1773 1
178 1
1787 1
1809 1
1825 1
1826 2
183 1
1833 2
1847 4
1858 2
186 6
1868 2
1873 1
1895 2
1896 3
1905 1
1906 1
1928 1
194 2
1944 1
1946 1
1955 1
1966 2
1969 1
1972 3
1976 2
1978 1
1991 1
1994 1
1995 1
2001 1
2007 2
202 3
2024 1
2029 2
2030 3
2036 1
2038 3
204 4
2058 2
2063 2
2064 1
2072 1
2077 1
2085 4
2093 2
2107 3
2108 2
2113 1
2116 1
2139 1
2148 1
2155 2
216 1
2211 1
2220 1
2223 1
223 1
2234 4
2240 2
225 1
2253 1
2267 1
2273 4
228 1
2284 2
229 4
2315 1
2316 3
2335 1
2343 1
2352 4
2361 1
2373 1
2385 1
2388 1
2389 2
2391 1
2393 1
2428 3
243 1
2432 6
2443 1
2481 1
2486 29
2496 1
2498 2
254 1
255 2
258 3
263 3
270 8
272 1
277 1
278 1
280 2
281 4
282 3
283 1
284 4
302 2
310 3
319 1
331 7
334 4
336 2
339 8
340 3
353 5
354 8
363 2
365 3
366 5
368 1
371 1
377 2
380 1
395 1
399 1
402 3
405 2
408 3
410 8
423 1
424 2
428 1
430 3
433 3
437 1
455 3
459 2
460 4
465 2
471 1
473 3
487 1
496 1
504 3
512 1
53 6
530 1
535 1
54 7
55 11
564 1
565 3
573 1
575 12
577 1
589 1
60 1
600 3
61 1
627 1
629 3
639 1
64 1
646 6
647 1
65 1
651 2
684 1
706 22
709 1
743 25
747 4
753 1
760 1
780 1
786 4
789 5
790 2
792 1
798 1
801 1
802 1
803 1
82 1
823 3
838 1
870 3
885 1
893 1
899 3
900 1
902 2
907 2
914 4
924 1
933 1
938 5
948 1
949 1
951 4
954 2
955 1
979 1
981 1
985 2
986 5
989 1
990 10
992 1
998 2
