1001 1
1005 16
1008 3
1017 1
1031 1
1035 2
1037 8
1043 8
1047 1
1048 7
1055 4
1057 1
1066 3
1067 4
1069 1
1074 5
1077 1
1079 1
1089 7
1092 1
1094 2
1096 6
1097 3
1099 1
110 2
1104 1
1105 1
1119 1
1122 2
1123 2
1135 2
1152 2
1155 2
1169 1
1178 16
1185 5
1189 3
1192 1
1198 1
1202 1
1211 1
1215 1
1217 1
122 2
1224 3
1230 3
1242 2
1248 1
1255 1
1259 1
1263 1
1272 1
1273 3
1289 1
1295 1
1305 1
131 1
1321 9
1326 1
1327 2
1330 13
1335 33
134 1
1340 4
1343 2
1348 2
1353 5
1369 2
1370 3
1372 3
138 1
1383 1
1387 1
1395 1
1396 2
1399 4
140 5
1400 1
1403 1
1405 1
1407 1
1413 5
142 1
1422 1
1426 1
1432 1
1434 2
1436 1
144 3
1443 2
146 2
1460 1
1463 1
147 1
1470 5
1472 2
1475 61
1478 2
1485 6
1487 2
1491 1
150 1
1512 2
1522 1
1528 1
1540 4
1545 9
1550 1
1563 5
1564 2
1567 1
1570 2
1571 3
1572 9
1574 1
1595 1
1617 1
1620 1
1623 1
1628 1
1631 1
1634 6
1635 9
164 2
1642 1
1645 1
165 1
1670 2
1678 1
1679 22
1680 7
1681 5
1686 3
1689 2
1690 1
1699 1
1704 1
1705 1
1709 1
171 1
1716 3
1718 2
173 5
1744 1
1745 1
1749 5
176 1
1776 1
178 2
1787 2
179 5
1791 2
1793 5
1803 1
1812 2
1818 1
1822 1
183 4
184 4
1849 3
1853 1
1858 1
1859 1
186 1
1860 1
1875 1
1883 8
1887 1
1917 2
1922 9
1933 3
1935 4
1936 1
194 2
1946 1
1950 1
1952 1
1956 2
1958 1
1960 2
1964 1
1966 1
1969 1
1972 2
1978 1
1979 1
1995 2
2007 2
2010 1
202 3
2022 1
2024 10
2029 3
2030 2
2034 1
2037 2
2038 2
204 2
2042 1
2044 5
2047 1
2051 1
2053 2
2055 2
2058 1
2063 1
2064 2
2066 2
2076 1
2077 1
208 2
209 2
2091 8
2092 2
2093 1
2095 1
2107 1
2110 1
2113 2
2116 2
212 3
2139 3
2155 3
2157 4
2163 2
2169 3
2171 3
2173 2
2175 1
218 2
2181 1
2186 5
2192 2
2198 1
2200 1
2201 1
2211 2
2215 1
223 2
2237 1
2239 5
2240 5
2241 1
225 1
2256 1
2266 1
2267 1
2271 2
228 3
2287 1
2289 1
229 3
2296 3
2306 1
2307 1
2309 3
2315 4
2316 2
2317 1
2319 1
2347 1
2349 2
2351 2
2352 1
2361 2
2365 1
2373 1
2382 1
2388 6
239 10
2395 1
2401 2
2407 1
2411 1
2428 2
2431 4
2432 7
2460 3
2468 3
247 1
248 3
2483 1
2484 1
2486 54
2497 3
251 4
256 1
258 6
261 6
263 1
270 2
272 2
278 2
281 3
282 3
291 5
308 1
319 3
330 1
331 8
334 2
336 8
337 2
339 15
349 2
353 7
354 14
356 4
363 2
365 1
366 1
368 2
370 4
376 4
377 2
378 1
390 6
395 2
402 1
404 1
405 1
408 3
410 7
416 1
421 1
422 1
423 3
424 1
428 1
430 6
433 3
438 1
440 1
444 1
446 2
447 1
449 3
453 2
455 1
459 8
460 6
461 3
466 16
472 3
474 3
481 1
487 3
490 2
502 2
504 2
51 1
515 1
526 9
53 7
539 1
54 7
547 1
55 24
555 1
557 1
558 1
561 1
565 1
575 9
580 1
582 11
584 3
585 1
588 1
591 1
597 1
60 3
600 1
605 2
61 3
624 2
627 1
639 4
646 5
647 3
651 7
655 5
668 1
672 1
675 1
677 1
683 2
688 1
705 1
710 2
714 2
719 2
731 1
734 2
736 1
743 1
747 1
752 3
763 1
771 3
774 1
783 2
785 1
786 6
789 2
790 1
795 1
797 1
799 1
800 11
801 2
802 1
803 2
804 1
812 1
815 2
82 5
822 3
823 3
825 5
833 3
834 1
837 1
84 3
852 3
857 1
892 1
895 1
900 1
903 20
907 3
911 4
914 1
918 1
923 9
926 3
933 1
936 4
940 4
941 1
946 3
948 16
949 7
951 2
954 1
96 4
979 2
986 20
990 3
991 1
997 15
998 3
