1001 2
1028 1
1031 3
1034 1
1035 1
1037 2
1043 4
1047 1
1055 2
1056 1
1057 4
106 1
1069 3
1074 2
1076 5
1089 1
1096 1
1097 2
1103 1
1111 1
1127 1
1135 3
1145 1
1152 1
1155 1
1156 2
1178 4
1185 1
1189 3
1192 2
1197 2
1211 1
1224 2
1226 1
1230 1
1255 4
1256 1
1273 1
1274 1
1283 1
1302 1
1321 18
1333 1
1353 1
1370 23
138 2
140 5
1403 1
1413 1
142 1
1432 3
144 1
146 2
1465 2
1470 1
1475 14
1485 2
1491 2
150 1
1500 1
1513 1
1522 2
1540 4
1567 7
1570 3
1571 3
1611 1
1616 1
1623 1
1633 1
1634 3
164 4
165 1
1650 3
1652 1
1656 1
1670 2
1679 1
1681 1
1686 2
1705 4
1716 4
173 8
1739 2
1741 1
1744 2
1745 1
1749 6
1759 1
176 1
177 2
1778 3
178 2
1782 1
179 1
1817 4
1818 1
1825 1
1826 1
183 1
1839 1
184 1
1840 1
1841 2
1847 1
1849 2
1852 2
186 3
1905 1
1917 1
1944 1
1946 8
1950 1
1955 2
1966 1
1972 1
1976 2
1980 4
2007 1
202 1
203 1
2038 5
204 3
2042 1
2048 1
2056 1
2059 2
2060 2
2063 2
2072 1
2091 1
2093 1
2108 1
2116 2
2135 4
2139 2
2140 1
2148 1
2155 1
2186 3
2197 1
220 1
2201 1
2204 1
2211 4
222 2
2226 1
223 2
2234 1
2237 1
225 1
2256 3
2268 1
2271 4
2277 4
229 1
2292 1
2304 3
2307 2
2315 1
2335 2
2347 1
2349 1
2352 2
2355 1
237 2
2373 2
2375 2
2383 1
240 1
2405 1
2432 2
244 13
246 1
2471 2
2486 33
2497 1
251 1
253 2
256 2
258 4
272 1
273 1
277 1
278 1
281 3
282 2
302 2
310 4
331 2
333 1
336 1
339 6
340 1
354 5
357 1
366 3
368 1
370 1
395 1
402 2
405 4
409 1
410 1
421 1
424 1
427 1
430 3
433 14
446 1
448 1
455 4
459 1
460 3
465 1
473 5
474 1
483 1
487 3
488 1
489 1
502 1
512 1
526 2
53 6
54 2
55 11
558 1
564 2
575 3
582 1
584 1
595 2
597 1
60 6
61 6
617 1
629 4
639 2
64 1
642 3
643 1
646 2
65 1
655 2
669 3
672 1
710 7
711 1
712 1
714 1
719 1
731 1
735 1
736 1
743 4
745 1
747 5
753 1
786 3
790 2
792 2
797 1
800 5
801 1
803 3
81 2
810 2
823 1
87 1
870 5
892 1
897 1
902 3
903 10
924 1
949 2
950 2
951 3
954 1
96 1
961 1
963 2
966 1
98 1
981 1
986 5
987 2
989 1
990 2
997 1
