1002 1
102 1
1029 2
1031 1
1035 3
1042 1
1043 13
1048 7
1054 1
1067 4
1071 21
1074 1
1079 1
1085 3
1089 3
1107 13
1111 1
1113 1
1119 8
1124 1
1127 2
1135 1
114 1
1155 1
1171 1
1174 5
1178 4
1179 1
1189 6
1192 2
1211 2
1214 3
1215 1
1236 6
1289 1
1296 1
1302 1
1319 2
1321 1
1327 1
1330 11
1336 1
1340 3
1353 4
1360 3
1370 3
1371 1
139 1
1399 8
1400 1
1403 3
1407 1
1409 1
141 1
1413 3
142 1
1426 7
1432 5
1434 3
144 1
1475 8
1485 2
1491 1
150 1
1513 2
1522 2
1565 6
1567 1
1571 6
1608 1
1620 1
1621 1
1627 1
1633 1
1634 1
1639 1
164 2
165 1
1672 1
1679 1
1681 1
1699 1
1705 1
1709 1
1716 14
173 1
1738 1
1745 5
1749 2
1759 2
1761 1
178 1
1786 1
179 3
183 3
1840 1
1849 3
1900 1
1901 5
1905 1
1921 2
1942 3
1946 2
1955 1
1966 2
1968 1
1969 2
1976 1
1978 2
1980 1
1988 2
1989 2
1998 1
202 1
2024 3
2030 1
2038 4
2058 6
2071 1
2072 1
2079 2
2091 2
2106 1
213 2
2156 1
2157 1
2177 1
2196 2
2211 1
2224 1
2226 5
2234 1
2239 1
2240 3
225 2
2256 2
2257 1
2267 1
228 1
229 2
2292 1
2299 4
2305 3
2349 2
2352 1
2360 9
2373 1
2382 1
2388 1
2395 1
2431 2
2432 2
246 1
2486 30
254 1
258 3
270 2
273 1
277 1
278 2
282 2
291 2
307 1
331 1
334 4
339 3
340 1
342 1
349 4
363 1
366 3
369 3
370 2
371 2
398 1
408 1
410 5
417 7
421 1
424 1
433 6
434 1
435 1
438 2
441 1
449 1
455 2
456 2
459 1
460 2
466 4
472 1
473 1
474 1
481 1
487 5
496 1
512 1
515 1
53 5
54 1
544 1
55 12
555 5
559 1
564 1
565 1
575 2
577 3
60 1
600 1
603 1
605 2
608 1
61 1
624 2
629 12
639 1
64 1
646 3
647 2
65 1
650 1
651 2
665 1
677 1
703 1
719 1
731 2
743 5
747 5
753 2
767 1
771 5
780 1
786 1
789 6
791 1
792 5
800 1
801 1
802 1
803 1
834 1
835 1
837 5
85 8
862 1
880 2
903 2
911 8
924 2
938 1
941 1
948 4
949 4
954 2
966 1
979 2
981 1
986 4
990 2
