1001 2
1005 2
1022 1
1023 1
1031 1
1042 1
1043 6
1048 9
1055 1
1056 2
1057 2
1067 1
1069 2
1076 1
1089 2
1094 1
1097 1
1103 1
1111 1
1112 1
1127 1
1159 1
1178 3
1185 2
1189 3
1192 1
1200 1
1214 1
1224 3
1226 1
123 1
1255 6
1256 1
1262 1
1273 1
128 1
1306 1
1316 1
1321 13
1330 4
1340 2
1348 2
1351 1
1353 3
1370 3
138 2
139 2
1393 1
1399 1
140 9
1403 6
1407 2
1409 2
1413 7
1426 5
1432 1
1434 1
144 3
1444 1
1457 1
1462 1
147 1
1475 20
1478 1
1485 1
1486 1
149 1
150 1
1513 3
1522 2
1533 1
1540 5
1567 4
1569 1
1570 4
1571 5
1572 1
160 1
1623 1
1633 1
1634 8
1639 1
164 8
1650 2
1670 2
1672 2
1679 2
1681 3
1689 2
1705 1
1725 1
173 5
1744 2
1749 6
1759 13
1761 1
1769 1
177 1
1778 1
1779 2
178 1
1782 1
1784 1
179 2
1819 1
1824 2
1825 1
1826 1
183 3
1833 1
184 5
1841 2
1849 3
186 5
1861 1
1901 1
1905 1
1923 1
1929 1
1946 6
1950 4
1951 1
1956 1
1957 1
1966 1
1972 4
1976 1
1979 1
1989 1
2007 2
202 1
2024 3
2028 1
2029 3
203 4
2030 3
2034 1
2037 1
2038 3
2039 1
204 5
2042 1
2043 1
2053 1
2058 4
2059 5
2063 2
2066 1
2068 1
2072 1
2091 1
2108 1
2116 1
212 3
2135 2
2139 1
214 3
2144 2
2156 1
2157 3
218 1
2181 1
2186 20
2192 1
2197 1
220 5
2211 1
2215 1
2229 1
2232 1
2234 1
2240 1
2249 1
225 1
2252 1
2256 3
2271 1
2277 3
2281 2
229 1
2299 1
2300 1
2303 5
2304 2
2307 2
2323 2
2330 1
2335 6
2347 3
2349 2
2361 1
237 1
2373 1
2375 1
2377 1
238 3
2393 1
2396 5
2399 1
2405 4
2415 1
2428 3
2431 2
2432 1
244 19
246 1
2472 1
248 1
2486 39
255 2
258 8
263 2
2633 5
270 4
272 1
273 3
278 5
281 1
282 1
286 1
294 1
302 6
310 3
316 1
331 6
334 1
336 3
339 6
340 3
349 1
354 5
366 7
370 1
373 1
382 1
399 1
402 2
405 6
409 1
410 2
421 1
428 1
430 3
433 8
434 4
453 1
459 1
460 4
465 2
466 2
473 1
474 3
475 3
483 1
487 7
488 1
489 4
491 1
512 1
526 1
54 15
55 15
564 3
565 1
575 2
584 3
585 1
591 1
60 3
600 2
608 1
61 3
627 1
629 1
639 7
64 1
643 1
646 3
65 1
651 1
655 3
661 2
672 2
682 1
710 4
712 3
714 4
731 7
735 4
736 1
743 4
747 3
757 1
760 1
771 3
779 1
786 4
788 5
789 2
790 4
791 1
792 1
795 2
800 3
801 1
802 1
81 1
82 5
825 1
833 2
834 1
852 2
870 1
877 1
892 1
898 1
900 1
903 12
911 2
914 1
915 13
926 1
938 3
941 1
948 5
949 3
95 1
951 3
954 1
96 1
961 1
979 1
98 2
981 1
986 6
988 1
989 1
990 1
991 1
997 7
998 1
