1031 6
1034 1
1035 1
1037 1
1042 1
1043 1
1048 3
1056 1
1073 1
1079 3
108 1
1080 2
1097 2
1106 1
1107 3
1132 1
1178 2
1183 1
1192 1
1211 2
1228 1
1239 1
1259 1
1272 1
1274 2
1327 1
1341 3
1348 1
1353 6
1370 2
138 1
1380 2
139 1
1399 1
140 2
1403 1
1405 1
1406 1
142 1
1434 1
1438 6
144 1
146 2
1471 1
1475 9
1507 2
1512 1
1513 1
1522 3
1530 1
1567 3
1570 4
1571 1
1572 1
1604 1
1620 6
1633 3
164 1
1686 2
1705 2
172 2
1724 1
1744 1
1745 5
1747 4
175 2
1757 1
178 1
179 1
1829 1
183 4
1847 6
1849 2
1869 1
1870 1
1883 2
1946 1
1953 1
1955 3
1956 1
1966 3
1972 1
1978 1
1988 2
1989 2
1994 1
2007 1
2024 7
2030 2
2034 1
2064 1
2066 4
2072 1
2079 1
2091 1
2093 1
2107 1
212 2
2148 2
2153 4
2155 6
218 1
220 1
2223 1
223 1
2232 1
2234 1
2240 3
2249 2
225 1
2256 2
2271 1
229 1
2290 1
2299 2
234 1
2340 1
2347 1
2373 1
2375 1
2377 1
2379 10
238 1
2431 1
2468 1
2481 1
2486 22
2496 1
256 1
263 1
270 2
273 1
280 3
281 1
282 1
295 1
302 1
314 2
316 2
331 8
334 1
340 2
342 1
349 2
350 1
353 2
354 6
366 2
371 3
377 1
402 3
405 1
410 2
428 1
430 1
433 4
434 2
446 2
455 5
459 1
460 2
466 3
488 1
493 1
512 1
53 3
54 6
545 1
55 9
564 1
577 2
582 1
588 1
60 3
61 3
613 2
622 1
639 2
64 1
646 3
647 1
65 1
661 1
665 1
684 1
694 1
712 1
720 8
743 2
747 3
780 1
789 4
790 2
800 1
801 1
852 1
899 2
900 7
907 4
914 1
923 2
941 3
948 7
949 1
954 3
979 1
981 2
986 3
990 2
