1001 5
1007 1
1008 2
1009 1
1011 1
1023 2
1031 2
1033 3
1037 2
104 1
1042 7
1043 11
1048 13
1051 1
1055 1
1056 1
1057 5
1059 1
1067 1
1068 1
1069 1
1072 2
1073 3
1074 2
1077 3
1079 7
1089 3
1094 3
1096 1
1097 2
1111 6
1118 1
1122 2
1143 1
1145 10
1152 1
1155 17
1164 1
1169 4
1178 12
1185 5
1189 10
1190 4
1192 2
1204 2
1207 3
1208 1
1214 3
1215 2
1216 1
1217 1
122 3
1224 1
1227 1
1230 2
1234 1
1248 6
1252 4
1255 3
126 1
1264 1
1272 1
1273 2
1274 6
128 2
1285 3
1290 1
1295 1
130 7
1301 1
1306 1
1309 1
131 1
1315 1
132 1
1321 6
1327 4
1335 2
1336 1
1340 9
1343 4
1348 2
1369 1
1370 2
1376 1
138 1
1380 1
1381 1
1383 1
1387 4
139 1
1395 2
1399 10
140 6
1400 3
1409 2
141 1
1411 1
1417 2
1429 1
1434 5
1438 2
144 2
1443 1
1448 1
146 7
147 1
1470 1
1475 75
1476 1
1485 5
1487 1
1491 1
1493 1
1497 2
150 5
1507 2
151 4
1512 5
1519 2
152 1
1521 2
1522 2
1526 1
1528 2
1532 4
1534 1
1538 2
1541 2
1545 2
1550 2
1553 2
1554 1
1559 1
1562 1
1563 1
1564 4
1566 1
1567 1
1570 1
1571 3
1572 3
1576 2
160 2
1601 2
1608 2
1613 1
1616 1
162 1
1627 1
1632 1
1634 5
1635 5
1637 1
164 3
1642 1
1652 1
1672 6
1679 6
1680 1
1681 3
1682 2
1686 4
1689 3
1696 1
1699 2
1700 1
1705 2
1720 3
1725 1
1728 1
173 4
1732 1
1740 1
1741 1
1744 1
175 1
1750 2
1751 1
1754 1
1759 5
1772 2
1778 1
1787 1
179 3
1790 1
1791 3
1797 1
1806 1
1807 1
1808 1
181 1
1813 18
1819 1
1828 1
1829 3
183 5
1830 1
1835 1
1839 1
184 10
1840 2
1841 1
1843 1
1848 1
1849 3
1854 1
186 2
1873 1
1876 1
1877 1
1890 1
1894 1
1895 1
190 2
1900 1
1901 1
1902 1
1905 3
1906 1
1911 9
1917 1
1922 2
1924 1
1928 1
1929 1
1942 1
1944 2
1946 5
1948 1
1949 2
1955 12
1958 1
1960 1
1963 1
1966 2
1969 1
1971 1
1972 4
1976 2
1978 2
1979 1
199 2
1994 5
1996 1
1997 4
2001 1
2007 1
2013 1
2014 2
202 3
2027 1
2029 8
2030 2
204 1
2040 16
2042 4
2043 3
2044 2
205 1
2051 1
2055 3
2058 2
206 1
2060 1
2061 2
2062 1
2065 1
2066 1
2068 2
207 1
2072 1
2077 2
2089 1
2093 1
2107 6
212 1
2126 1
2127 1
2137 1
2148 1
2156 2
2173 6
2175 1
2176 1
2185 2
2186 1
2187 1
2189 2
2198 1
2203 1
2208 1
2211 5
2213 1
2223 4
2225 1
2226 4
223 1
2230 2
2234 2
2235 1
2237 1
2239 2
2240 2
2243 1
2253 1
2256 1
2267 4
2272 1
2273 1
2279 1
2288 2
2295 4
2304 1
2312 1
2315 1
2322 1
2333 1
2335 2
2339 1
234 2
2347 6
2349 8
2350 1
2356 1
2360 1
2361 2
2365 1
237 1
2370 1
2375 1
2378 2
238 1
2383 1
2390 1
2393 2
2395 1
2396 1
240 2
2406 2
2415 1
2431 1
2432 3
2463 1
2467 7
2468 1
2483 1
2484 1
2486 87
2487 2
2496 3
2497 7
2498 3
251 3
252 2
254 2
2576 2
258 2
2598 3
261 2
264 3
265 5
268 2
271 1
272 3
273 4
278 2
280 2
281 9
282 18
283 3
284 2
298 1
303 1
307 5
309 1
31 2
310 2
311 1
312 1
314 1
316 3
317 3
318 1
330 3
331 14
336 4
337 7
339 20
342 1
343 2
349 1
35 2
350 1
353 4
354 7
356 1
357 1
363 2
366 6
367 1
368 13
370 1
380 3
385 4
391 1
394 1
395 3
401 1
402 6
405 10
407 1
408 1
409 2
410 11
422 1
425 1
427 2
428 5
430 4
433 5
434 1
437 1
444 1
446 1
453 3
455 2
456 2
459 8
460 13
465 4
466 7
475 1
481 2
485 1
487 2
488 3
496 1
51 1
512 1
513 1
515 4
521 2
524 1
525 1
526 11
53 9
532 1
54 39
545 1
548 1
549 2
55 23
555 2
558 1
561 1
564 3
565 3
568 1
570 1
572 1
575 12
576 2
577 3
578 1
580 2
581 1
585 1
588 3
591 1
596 1
597 1
6 1
60 7
600 5
61 7
613 2
618 1
627 2
631 1
639 1
646 5
647 10
651 7
655 4
661 3
662 1
676 1
694 1
695 1
700 1
709 1
714 3
717 2
719 6
726 1
727 3
731 2
736 2
743 2
745 1
747 2
749 2
750 1
758 1
767 1
769 4
771 3
773 3
776 1
778 1
779 2
780 1
782 1
783 1
785 2
786 6
789 1
792 1
796 1
798 1
799 2
800 3
801 1
802 2
808 1
82 8
823 1
825 4
833 1
837 1
838 1
84 10
85 1
852 1
856 1
864 2
869 9
87 1
870 1
872 1
876 3
881 1
882 1
890 1
895 1
896 1
903 1
904 1
907 1
911 2
914 1
916 1
918 1
923 2
925 2
926 2
934 1
938 1
940 1
941 1
946 1
948 1
949 4
95 1
951 2
955 1
960 2
961 1
963 1
970 1
971 1
972 1
973 6
974 1
977 2
979 7
986 29
987 1
990 2
993 3
998 1
