1006 1
1028 1
1031 3
1033 1
1034 1
1037 3
1048 6
1055 1
1057 2
1069 1
1074 2
1076 1
1079 5
1089 2
1094 1
1096 2
1097 2
1104 1
1124 1
1145 1
1155 1
1178 6
1185 2
1189 4
1192 2
1214 1
1224 4
123 1
125 1
1255 5
1256 1
1258 1
1262 1
1272 1
1273 1
130 1
1305 1
1316 1
1321 20
1330 3
134 1
1340 3
1348 5
1351 1
1353 1
1359 1
1360 2
1370 3
138 1
1386 1
139 1
1399 2
140 7
1400 1
1403 7
1413 2
1421 1
1424 1
1434 2
1444 1
146 1
1475 19
148 1
1485 3
1486 1
1487 2
1491 1
1494 1
1498 2
1506 2
151 2
1512 2
1513 1
1522 2
1540 4
1543 2
1563 1
1567 6
1569 1
1570 2
1571 6
1572 3
1606 1
1607 1
1623 1
1634 7
164 5
1650 3
1656 3
1657 1
1670 1
1692 1
1705 4
1712 1
1715 1
173 4
1740 1
1749 4
1759 2
1761 1
1765 1
177 3
1779 1
178 1
179 2
1809 1
1811 1
1825 2
183 1
184 2
1840 1
1847 1
1849 2
186 3
1861 4
1900 1
1906 1
1922 1
1929 1
1946 3
1950 3
1951 2
1955 3
1972 3
1976 1
1979 1
1991 1
1994 3
1996 1
2012 1
202 2
2022 1
2024 1
2029 1
2030 5
2038 1
2044 1
2053 1
2055 1
2059 2
2066 2
2068 1
2072 1
2077 1
208 1
2091 3
2107 1
2113 1
2116 1
212 4
2135 2
2138 1
2139 3
214 1
2143 2
2155 1
2156 1
2157 1
2167 1
2173 1
2181 1
2186 6
220 1
2204 2
2229 1
2234 1
2237 1
2239 1
2249 5
225 1
2254 1
2271 3
2277 3
2279 1
2282 1
229 1
2292 1
2300 2
2303 5
2304 3
2335 2
2340 1
2349 2
2365 1
237 1
2373 1
2388 2
2394 1
2396 4
2405 1
2422 1
2431 2
244 19
247 1
2472 1
248 1
2486 40
2497 1
258 2
263 3
2633 3
264 1
272 1
278 2
281 5
282 3
291 2
301 1
302 2
310 3
316 1
319 2
326 1
331 4
336 2
337 3
339 8
343 1
353 2
354 5
363 1
366 3
399 1
402 2
404 2
405 7
409 1
410 2
425 1
428 1
433 16
434 1
446 5
449 1
460 7
465 1
466 1
474 2
483 1
487 6
502 2
512 1
525 1
526 3
53 5
54 3
55 12
555 2
564 2
565 1
575 1
582 1
585 1
588 1
60 3
600 4
608 1
61 3
624 1
629 1
639 3
64 1
643 1
646 2
65 1
651 7
655 1
660 1
672 5
689 1
706 1
710 3
712 1
714 1
730 1
731 3
736 1
743 2
749 1
752 1
757 1
760 2
771 2
779 1
780 1
786 5
789 2
790 3
800 1
801 1
803 1
81 1
810 3
816 1
82 7
821 1
823 1
834 1
863 3
899 1
900 2
903 9
904 1
907 1
911 1
915 3
941 1
948 2
949 2
951 4
956 3
966 3
979 5
98 1
986 3
989 1
997 7
