1001 2
1005 3
1018 4
1023 1
1028 1
1031 2
1033 2
1037 2
1042 3
1043 11
1048 22
1055 1
1056 3
1067 1
1069 1
1070 1
1071 1
1074 4
1076 1
1077 1
1079 5
1080 1
1082 1
1089 6
1094 2
1096 3
1097 4
110 1
1104 1
1105 2
1111 1
1121 1
1124 1
1126 2
1135 2
1142 2
1143 1
1152 3
1155 6
1156 2
116 1
1169 1
1178 6
1183 1
1185 1
1188 1
1192 7
120 1
1202 2
1211 1
1214 2
1216 1
1224 2
1230 1
1234 1
1250 1
1255 12
1256 3
1259 1
126 1
1262 1
1271 2
1272 2
1273 4
1274 1
1284 1
1285 1
1295 1
1296 2
130 11
1301 2
1305 1
1306 2
131 1
1321 25
1328 1
1330 4
1340 1
1348 2
1353 3
1370 20
1372 1
138 1
1382 1
139 4
1396 4
1399 2
140 9
1403 7
1407 1
1409 4
1413 3
1424 4
1426 2
1429 1
1432 2
1434 1
1438 1
144 6
1443 1
146 1
1471 1
1475 64
1479 1
1485 3
1487 1
1496 1
1498 1
150 6
1506 4
1522 6
1541 1
1543 2
1563 2
1567 2
1569 1
1570 2
1571 6
1572 12
1604 1
1606 2
1608 1
1610 2
1616 1
1617 1
1633 1
1634 6
1635 2
1636 1
1639 2
164 2
1642 1
1650 5
1652 1
1656 2
1679 3
1680 1
1681 3
1686 4
1688 1
1689 4
1690 1
1697 1
1702 1
1704 1
1705 1
1716 7
1723 1
1725 1
173 5
1741 1
1745 8
1749 4
1757 1
1761 1
177 3
1774 1
1778 1
178 1
1784 1
1787 2
179 1
1794 1
1797 2
1811 1
1822 1
1825 6
1826 1
1827 1
183 2
1831 2
1832 2
1833 2
1839 1
184 1
1841 1
1847 6
1849 8
186 2
1865 1
1878 1
1892 1
1895 1
1905 2
1906 1
1909 18
1917 2
1922 1
1930 1
194 2
1942 2
1946 9
1947 2
1948 4
1950 1
1955 15
1956 1
1961 1
1966 1
1969 2
1972 7
1975 1
1976 9
1988 1
1990 1
1994 3
1996 1
201 1
2012 1
2013 1
202 3
2024 1
2029 4
203 2
2030 5
2034 1
2037 1
2038 7
2043 1
2044 1
2047 1
2051 1
2053 2
2055 2
2058 3
2059 5
2063 4
2065 1
2068 1
2069 1
2072 2
2076 2
2077 1
2082 1
2085 2
2092 1
2093 2
2099 1
2103 2
2106 1
2107 3
2113 4
2116 3
2127 2
2130 1
2143 1
2148 1
2155 3
2157 2
2179 1
2181 1
2182 2
2186 8
2187 1
2191 2
2192 1
2208 1
2211 1
2214 1
2220 1
2222 4
2225 1
2226 3
223 4
2237 1
2239 3
2240 2
2241 1
2245 1
2256 2
2268 1
2271 6
228 1
2282 1
229 3
2290 1
2296 1
2299 2
230 1
2300 2
2304 3
2306 1
2307 1
2315 1
2316 1
2317 1
232 2
2335 5
2340 1
2347 2
2349 1
2358 3
2361 3
2368 1
2369 2
2373 1
2379 1
2382 2
2385 1
2387 1
2388 13
239 1
2393 3
2406 1
2411 1
2415 2
2431 1
244 23
2453 1
2460 1
2468 2
2469 2
248 1
2483 15
2484 15
2486 67
2496 1
2498 3
2500 2
2501 6
2507 6
251 3
2512 2
2518 2
254 4
256 2
258 4
261 1
264 1
267 1
270 2
272 8
273 3
275 1
278 4
281 2
282 6
291 1
294 2
302 11
310 2
311 1
314 1
319 13
321 2
331 47
334 3
336 5
337 7
339 23
340 3
341 2
342 1
343 1
349 1
350 2
353 8
354 5
357 1
359 1
363 6
366 8
368 2
370 5
371 6
374 2
377 2
380 1
399 1
400 1
401 1
402 1
405 23
407 1
410 6
423 1
424 3
427 2
428 7
430 4
433 29
434 1
435 1
447 1
449 3
452 1
453 3
455 4
457 3
459 10
460 14
465 2
466 1
474 3
476 1
477 1
481 5
487 2
488 1
494 1
504 1
51 1
515 3
521 3
526 4
529 2
53 9
54 10
540 1
55 37
555 1
562 1
564 6
565 14
575 6
579 2
582 1
584 2
585 1
588 2
591 1
60 37
600 3
61 37
613 1
616 1
617 1
619 4
624 2
629 1
630 1
639 2
642 3
643 2
646 5
647 3
651 6
655 8
660 1
661 2
669 3
672 3
676 1
683 1
709 1
714 4
718 1
727 1
730 1
731 4
743 2
752 1
753 1
757 1
771 11
773 1
779 1
780 1
783 1
785 1
786 8
789 5
790 2
792 3
795 1
800 8
802 3
803 2
804 3
808 1
815 1
82 15
823 3
825 1
83 1
832 1
833 1
834 1
837 1
84 2
854 1
857 1
863 1
890 1
892 2
899 1
90 2
900 1
901 1
902 1
903 16
904 1
905 1
907 3
911 10
912 1
914 1
915 4
926 1
941 8
946 1
948 5
949 5
95 1
951 1
952 3
956 1
96 1
966 7
970 1
973 1
976 1
979 5
983 1
986 25
989 1
990 1
997 8
998 2
