1022 1
1023 2
1029 1
1037 3
1042 2
1043 1
1047 2
1048 2
1051 1
1064 2
1067 1
1070 1
1077 2
1079 2
108 1
1089 2
1096 3
1097 4
1098 1
1102 1
1106 2
1122 1
1143 2
1145 1
1152 1
1178 2
1189 2
1190 2
1192 1
1204 4
1214 2
122 2
1230 2
1248 2
1262 1
1273 2
1278 1
130 1
1305 1
131 1
1321 3
1327 5
1328 1
1353 1
1354 2
1370 1
139 1
1393 3
1396 1
1398 2
140 1
1402 1
1403 2
1409 1
141 1
1411 2
1413 1
1417 2
1434 3
144 11
1459 16
146 1
147 1
1475 16
1485 1
1486 1
1487 2
1491 1
150 2
1504 1
1508 1
151 1
1513 1
1521 1
1522 1
1566 1
1572 3
1633 2
1634 1
164 1
1679 1
1680 4
1687 1
1689 1
1707 3
1718 1
173 2
1735 2
1745 1
1748 1
1754 1
1779 1
178 1
179 1
1824 1
1828 1
183 2
184 3
1849 2
1850 2
1858 1
1902 1
191 2
1922 3
1923 2
1961 1
1965 1
1966 2
1967 1
1968 5
1972 3
1979 2
1988 1
1993 1
1994 1
2001 1
2007 3
2010 1
2030 5
2035 1
2042 2
2046 1
2055 1
2063 1
2064 1
2065 1
2066 1
2085 1
2091 1
2106 1
2107 4
2113 1
212 2
2127 1
214 3
2155 2
2182 2
2196 1
2200 1
2222 1
2224 1
2230 1
2234 2
2237 1
2239 1
2240 3
2249 1
228 2
2282 1
2288 1
229 4
2299 1
2307 1
2309 1
2335 1
2349 1
235 1
2352 1
2361 3
2364 11
2372 3
2373 1
2374 1
238 2
2382 1
2388 2
239 1
2411 1
2412 10
2416 1
2431 1
2432 2
2468 2
2479 1
248 1
2486 32
251 1
256 1
258 1
263 2
265 1
271 2
272 2
281 2
286 6
302 1
303 1
310 2
316 1
319 2
331 8
333 1
336 3
337 1
339 4
342 1
349 1
354 4
366 2
368 3
370 2
371 4
376 1
377 1
382 2
395 1
402 2
405 1
409 1
422 1
424 1
425 1
427 1
428 1
430 1
433 5
441 4
455 1
456 2
458 2
459 1
460 16
466 4
469 1
472 1
500 1
512 11
515 2
52 2
521 1
526 2
53 6
530 2
55 10
558 11
564 2
565 2
571 1
575 6
577 1
58 1
584 1
59 1
60 3
600 2
605 1
61 3
639 2
64 1
646 1
65 1
653 1
655 1
673 1
676 1
689 1
709 1
710 3
719 1
731 2
749 1
754 1
769 2
779 1
783 1
785 1
786 1
789 2
790 1
800 2
801 7
803 1
811 2
815 1
82 4
825 1
828 11
833 1
837 1
85 1
863 1
870 2
903 5
916 1
923 2
926 4
929 1
938 2
941 4
942 1
948 2
953 1
954 5
979 2
986 3
990 1
997 9
