1001 6
1022 1
1034 1
1043 3
1056 1
1063 2
1065 1
1067 1
1074 2
1077 1
1079 1
1096 7
1097 1
1106 1
113 3
1132 2
1135 3
1145 1
116 2
1178 8
1189 2
1190 1
1198 3
1215 1
1224 3
1239 1
126 2
1274 1
130 1
1301 1
1305 1
1321 2
1327 1
1330 3
1370 1
138 3
1389 1
139 1
1396 1
1399 3
1403 1
1413 2
1438 1
144 1
1457 9
146 1
1475 8
1485 2
151 1
1519 1
1522 1
1560 1
1567 1
1570 17
1571 1
1572 3
1576 1
1601 5
1620 6
1633 2
1634 7
164 5
1645 1
1650 1
1656 4
1682 3
1689 2
1699 1
1705 1
173 2
1745 1
1749 1
178 1
1787 2
1791 1
1847 3
1849 1
186 3
1868 1
1896 1
1922 1
1946 1
1949 1
1955 1
1966 2
1972 3
1976 1
1994 1
1996 1
2007 2
202 6
2024 6
2030 2
2034 1
2038 1
2063 1
2066 1
2071 2
2072 1
2085 4
2091 2
2093 1
2101 3
214 1
2182 1
2186 1
220 1
2220 1
2226 1
2234 1
2239 3
225 1
2273 2
2282 1
229 5
2300 1
2316 5
2323 2
2352 7
2361 1
237 1
2373 1
2375 1
2377 1
2393 2
2428 6
2432 3
248 1
2486 20
2497 2
254 2
263 1
264 2
265 1
270 4
278 1
280 1
281 2
282 1
284 2
286 1
302 6
310 2
331 4
334 1
339 1
340 6
354 8
365 5
366 4
368 1
371 1
395 1
405 8
408 1
410 2
428 1
430 3
433 2
434 7
449 1
455 1
459 2
460 3
472 1
481 2
512 5
53 5
54 3
55 6
564 1
565 2
575 16
577 1
580 1
584 1
60 1
600 1
61 1
629 2
64 1
646 1
65 1
661 2
670 1
706 13
710 1
712 1
743 21
745 2
747 1
771 1
785 1
786 4
789 5
790 1
792 3
797 1
798 1
801 1
803 1
81 1
816 1
825 2
874 1
882 1
899 1
900 7
902 1
903 1
907 2
914 2
926 1
935 2
938 1
948 2
951 4
979 2
981 1
990 8
997 1
998 1
