1002 1
1015 1
1035 1
1039 1
1043 4
1048 5
1049 1
1055 1
1056 4
1063 1
1069 1
1073 1
1079 2
1080 2
1089 2
1095 1
1099 1
1100 1
1102 7
1106 1
1111 1
1113 2
1120 1
1121 2
1153 3
1155 4
1178 3
1183 1
1189 1
1211 2
1215 1
1216 4
1226 3
1248 3
1255 2
1273 3
1281 1
1295 2
1302 1
1305 1
1321 1
1340 2
1348 1
1353 2
1362 1
137 1
1371 1
1376 1
138 3
1395 1
1399 3
140 1
1400 1
1403 13
1409 1
1413 3
1415 1
142 1
143 1
1432 1
1438 2
144 1
1443 1
145 2
146 1
1475 31
1496 1
1500 3
1504 2
1505 1
1512 3
1513 1
1522 1
1550 1
1563 1
1567 4
1569 1
1571 2
1572 1
1581 1
1584 2
1611 3
1620 1
163 1
1634 1
164 1
1645 1
1647 2
165 1
1669 1
1670 1
1671 1
1679 2
1681 5
1687 4
1705 1
173 3
1747 2
175 1
1750 1
177 1
1773 1
1787 1
1791 5
1797 1
1809 1
1825 2
183 2
184 9
1840 2
1845 2
1847 2
1849 1
1856 1
1864 3
1883 1
1898 1
1905 2
1909 5
1922 1
1946 3
1953 1
1955 4
1956 6
1958 1
1959 1
1972 2
1976 1
1978 3
1988 1
1989 1
1994 1
1996 1
1997 1
2014 1
202 1
2022 1
2024 2
2029 4
203 1
2030 2
2034 2
204 1
2043 2
2046 1
2055 2
2063 1
2072 3
2077 1
2078 1
2081 1
2101 8
2106 4
2107 5
2108 2
2113 3
2116 2
2130 1
2139 2
214 1
2155 1
2156 2
2162 1
2163 1
218 5
2196 1
221 2
2239 1
2240 1
2249 4
225 3
2256 1
2270 1
2271 3
2273 1
2277 1
228 1
229 1
2290 1
230 1
2317 1
2323 2
2335 3
2349 2
2358 1
2359 1
2361 1
2379 13
2387 2
2388 4
2431 6
2432 1
2435 1
2436 1
2437 1
2459 1
246 1
2466 2
2467 2
248 1
2482 1
2483 1
2484 1
2486 43
2498 5
251 1
255 2
259 1
264 1
265 2
266 1
268 1
272 1
273 2
275 1
278 1
280 1
281 2
282 7
284 1
285 1
295 1
300 1
302 3
306 1
310 1
314 1
315 1
316 1
318 1
319 7
331 11
335 1
336 6
337 1
339 8
340 1
341 2
343 2
353 4
354 9
360 4
363 2
365 1
366 1
368 6
370 3
380 1
385 1
387 2
393 1
395 1
401 1
402 18
405 5
410 3
412 1
421 1
424 1
428 2
430 1
433 6
436 1
441 1
446 1
447 2
451 1
458 1
459 2
460 7
465 1
466 3
474 2
49 2
490 2
493 1
502 1
510 1
512 2
52 1
521 1
526 1
53 6
54 4
55 13
555 2
562 1
564 2
565 3
575 2
577 1
581 1
584 4
585 1
597 1
60 8
600 2
605 1
61 8
613 4
627 1
630 1
634 1
646 2
651 2
655 1
661 2
663 4
665 5
668 1
673 1
688 2
705 3
708 1
709 1
714 2
715 2
718 1
720 9
731 1
736 1
747 3
752 1
756 1
757 2
762 1
771 4
773 1
780 2
786 1
789 2
796 2
800 3
801 3
802 1
804 1
82 4
823 6
828 4
837 3
85 1
893 1
895 1
899 1
900 2
905 1
907 2
923 1
935 1
938 1
939 1
940 2
941 2
948 1
949 1
955 1
966 6
970 1
971 1
979 2
986 8
989 1
990 4
998 2
