1001 6
1037 2
104 1
1042 1
1043 10
1047 1
1048 14
1056 1
1067 3
1068 1
1069 2
1073 1
1074 2
1077 2
1079 3
108 1
1082 4
1086 1
1089 3
1096 2
1097 1
1099 1
110 3
1102 2
1103 1
1111 2
1118 1
1122 18
1123 1
113 21
114 1
1143 1
1155 1
1158 1
1166 1
1178 11
1185 2
1207 7
1217 1
1224 4
1227 1
1239 1
1243 1
1259 3
1262 3
1272 2
1273 2
128 1
1280 1
1285 1
1286 3
1287 1
1296 1
130 1
1303 2
1306 1
1321 1
1326 9
1328 1
1335 8
1337 1
134 3
1340 23
136 1
1364 1
1370 1
138 2
1381 1
1387 8
139 8
1392 4
1393 4
1399 9
140 1
1409 3
141 1
1413 6
142 3
1429 5
1432 1
1434 6
1439 30
1442 4
1453 9
1456 2
146 1
1464 1
1467 11
1470 2
1475 34
1478 2
1479 8
1483 4
1485 5
150 1
1519 2
1522 1
1542 2
1571 1
1587 15
1603 2
1608 1
1612 1
1624 1
1633 5
1634 5
164 4
1644 1
165 1
1656 2
1658 1
1672 1
1679 3
1681 3
1686 6
1688 1
1689 2
1690 3
1691 1
1707 2
1709 2
1716 1
173 10
1731 3
1744 1
1760 1
178 2
1788 1
1791 1
1809 1
1811 1
1813 1
183 3
1833 2
184 3
1840 1
1847 1
1849 4
1859 3
1864 1
1870 1
1873 1
1882 4
1889 1
1892 1
1894 2
1895 1
1905 4
191 1
1910 6
1922 3
1923 2
1925 1
1939 4
1946 6
1948 1
1951 1
1955 2
1957 4
1959 1
1960 2
1964 1
1966 3
1972 3
1976 2
1994 1
2006 1
2012 2
202 1
2024 4
2029 3
2030 3
2034 1
204 2
2043 1
2044 3
2058 1
2060 2
2063 2
2065 1
2066 2
2072 1
2077 4
2091 4
2097 1
2116 1
2133 1
2135 1
2148 8
2156 2
2173 19
2174 4
218 1
2185 1
2186 1
2222 2
2226 1
223 4
2233 1
2234 3
2237 2
2239 1
2240 5
2243 3
2245 2
225 8
2256 5
2262 2
2267 1
2268 3
2271 1
2273 1
228 4
2284 1
2287 1
2290 1
2296 2
2299 1
2300 1
2315 1
2316 1
2317 4
2319 6
232 1
2326 4
2347 4
2349 1
2355 4
2361 4
2368 1
2375 1
2385 4
2388 1
239 8
2392 2
2393 1
2395 2
2398 2
2399 1
2404 1
2411 1
2416 2
2431 1
2432 4
2460 1
2462 1
2466 1
2468 2
247 1
2483 1
2484 1
2486 68
2497 1
2499 1
251 1
2522 1
254 3
258 4
2631 1
264 1
265 3
270 1
271 1
272 1
273 2
278 1
281 4
291 2
295 2
296 2
302 8
306 1
331 9
333 2
334 1
336 1
337 1
339 11
343 2
349 2
353 2
358 2
363 2
365 2
366 10
367 4
368 2
371 1
377 2
382 1
386 1
387 1
395 1
397 2
399 2
402 2
405 4
408 1
410 11
423 1
424 2
425 2
428 3
430 4
431 1
433 13
447 1
453 1
456 2
459 6
460 9
465 4
466 5
476 1
481 1
485 1
496 1
497 1
512 3
515 1
526 1
53 11
534 1
535 1
54 8
55 29
553 1
555 1
560 1
564 1
565 3
575 5
577 1
579 6
588 1
593 1
60 5
600 3
61 5
613 2
622 3
634 1
639 1
64 1
646 5
65 1
651 4
655 7
665 4
669 1
710 3
713 14
724 3
743 2
749 1
754 2
756 1
757 3
763 1
768 1
771 1
773 1
779 2
785 1
786 1
792 1
800 3
801 4
802 3
803 1
804 3
812 1
814 1
815 1
823 3
83 1
84 1
845 1
856 4
86 1
863 2
864 1
87 5
870 1
882 1
892 1
899 3
903 1
907 1
910 1
911 2
914 1
915 1
924 1
930 1
936 2
941 2
946 2
949 8
95 1
956 1
957 1
96 1
971 3
973 7
979 1
986 17
990 11
991 1
997 1
998 2
