1001 4
1007 2
1018 1
1029 1
1031 4
1037 2
1042 1
1043 7
1048 15
1051 3
1052 1
1055 2
1056 3
1057 2
1066 1
1067 4
1074 6
1076 1
1077 11
1079 2
108 2
1089 6
1094 2
1096 3
1097 9
1108 1
1118 1
1135 1
1142 1
1145 2
1166 1
1178 11
1185 3
1189 3
1192 1
1195 2
1198 2
1211 1
1215 3
1216 1
1224 7
1226 7
1230 1
1248 1
1253 2
1255 4
1256 1
1259 4
126 1
1263 1
1269 1
1271 2
1272 2
1273 4
1295 1
1296 1
130 1
1301 1
1302 1
1306 1
1312 1
1316 1
1321 39
1327 3
1330 2
1340 8
135 5
1353 2
1370 4
138 9
1383 1
1387 2
139 5
1391 1
1395 1
1399 2
140 8
1400 2
1403 17
1409 1
1413 3
1421 1
1432 1
1434 5
144 6
1443 1
145 1
1450 1
146 4
1465 1
1471 1
1475 74
1485 6
1491 1
150 7
1506 2
151 1
1513 7
1521 1
1522 3
1528 1
1540 10
1543 2
1550 1
1563 1
1567 1
1570 4
1571 4
1572 10
1608 1
1610 2
1617 1
1618 3
1634 10
1635 1
164 11
1650 2
1656 4
1670 8
1679 7
1690 3
1702 1
1704 2
1709 3
1716 5
1725 8
173 2
1740 4
1741 1
1743 3
1744 5
1749 4
175 4
1759 3
1760 1
1761 1
177 6
1779 1
178 2
1784 9
1787 2
179 3
1808 1
1809 4
1817 2
1824 6
183 5
184 2
1841 3
1845 2
1848 1
1849 2
186 4
187 1
1873 3
1905 2
191 1
1921 2
1928 1
1929 4
194 4
1946 16
1948 5
1949 1
1950 3
1951 1
1955 2
1959 1
196 1
1960 3
1961 1
1966 1
1972 6
1975 1
1976 5
1989 1
1995 1
1996 1
1998 1
2007 2
2008 4
2016 1
202 3
2024 4
203 3
2030 14
2035 1
2037 2
2038 5
204 2
2055 2
2058 1
2059 9
2060 1
2063 1
2066 2
2068 4
2072 3
2076 1
2079 1
208 1
2080 1
2091 5
2093 3
2104 1
2116 1
212 2
2133 4
2135 15
2138 1
2139 6
214 6
2143 2
2145 1
2155 4
2156 2
218 1
2181 1
2182 1
2184 1
2186 25
2212 1
2215 2
2220 1
2223 1
2229 1
2234 6
2239 6
2240 3
2243 1
2256 7
2259 1
2267 1
2268 1
2271 3
2273 2
2277 8
229 1
2290 1
2292 1
2299 2
2300 2
2302 6
2303 1
2304 2
2306 1
2307 1
2312 1
2315 3
2317 1
232 4
2333 4
2335 4
2347 3
2349 1
2373 3
2375 6
2377 1
238 1
2388 2
2391 1
2396 1
2405 3
2411 1
2420 2
2431 1
244 53
2449 1
246 1
2468 2
248 4
2483 3
2484 3
2486 85
2496 1
2497 5
2564 1
258 7
261 2
263 5
2633 2
264 1
265 3
270 5
272 5
273 4
278 7
280 3
281 15
284 2
291 2
294 1
295 1
310 2
316 1
323 1
331 16
334 1
336 8
337 4
339 14
340 2
342 2
348 2
349 3
353 16
354 7
363 2
366 5
368 2
369 2
370 3
371 1
387 4
390 2
394 1
399 3
404 1
405 15
408 3
409 1
410 13
42 1
421 1
422 5
423 4
428 3
430 5
433 27
434 9
438 1
442 1
446 2
447 1
455 3
459 8
460 15
461 4
471 1
472 1
473 3
474 8
477 2
483 1
487 5
490 3
502 1
504 4
51 1
515 1
518 1
521 1
526 3
53 10
532 1
535 1
54 5
55 25
558 1
564 5
565 3
570 1
575 5
584 3
585 6
597 2
600 7
622 1
624 2
629 2
639 18
646 4
647 4
651 5
655 9
660 1
661 3
672 7
676 1
706 1
709 4
710 3
714 4
719 3
731 5
736 4
743 4
747 6
757 2
760 1
767 1
771 1
773 3
777 1
780 1
785 1
786 3
788 1
789 4
790 1
792 1
797 1
800 11
802 1
803 8
808 1
810 2
82 10
821 1
823 2
825 1
833 1
834 1
84 3
849 1
852 2
863 1
872 1
886 1
892 2
896 1
899 4
902 1
903 17
907 1
911 3
914 5
915 16
926 2
941 2
948 1
949 13
951 2
955 2
956 2
96 1
960 1
966 4
970 4
971 2
973 1
979 10
98 5
986 12
987 3
989 2
991 1
997 7
998 1
