1005 10
1013 1
1023 2
1033 1
1034 1
1035 7
1037 5
1047 7
1048 10
1055 1
1056 1
1057 1
1064 3
1065 1
1067 3
1069 4
1074 1
1077 1
1079 1
108 1
1082 1
1083 2
1089 1
1094 6
1096 1
1098 1
1102 5
1107 2
1111 3
1127 2
1135 1
1139 1
1143 1
1148 1
1149 1
1152 4
1155 4
1169 1
1172 1
1178 2
118 1
1185 1
1189 1
1192 2
1198 1
1223 1
1225 1
1243 1
1259 1
126 1
1265 1
1266 1
1272 1
1273 1
1277 1
1289 1
1305 1
132 1
1321 6
1326 7
1327 1
1328 1
1330 2
1335 31
1348 1
1349 1
1352 3
1355 1
1360 2
1369 5
1379 1
138 1
1383 1
1387 5
139 3
1395 4
1396 1
1399 5
140 2
1400 1
1403 1
1411 1
1413 2
1417 1
142 1
1426 2
144 5
1447 1
145 14
1450 3
1452 1
146 1
1462 1
1463 1
1468 1
1473 1
1475 17
1478 4
1485 4
1487 1
1497 2
150 1
1512 1
1528 1
1534 1
1545 20
1549 1
155 1
1564 1
1567 2
1570 1
1571 2
1572 2
1576 1
1591 1
1624 1
1634 2
164 1
1656 1
1670 1
1680 4
1681 1
1682 1
1683 1
1686 1
1687 3
1688 1
1689 2
1703 1
1705 1
1709 1
1716 1
1718 1
1724 2
1728 1
1734 1
1743 1
1744 4
1746 1
1756 2
1759 1
1762 1
1765 1
179 2
1812 1
1826 3
1829 1
183 1
184 2
1840 1
1841 1
1842 1
1847 1
1849 2
1850 1
1883 1
1898 1
1905 1
1922 18
1930 1
1946 1
1955 3
1956 1
1960 3
197 1
1972 5
1976 3
1978 1
1979 2
1992 1
1994 1
2019 1
202 1
2022 1
2024 3
2026 2
2029 3
2030 3
2034 1
2039 1
2043 3
2046 1
2055 1
2058 3
2062 1
2066 6
2076 1
2079 2
2082 1
2084 1
2089 1
2091 2
2099 1
2116 3
212 4
2123 1
2125 1
2135 1
2140 1
2163 3
2169 2
2173 3
2174 2
2179 1
218 1
2181 1
2186 2
2192 1
2211 7
2223 1
2229 3
2239 3
2240 2
225 3
2262 3
228 7
2282 1
229 9
2298 1
2307 1
2309 2
231 1
2315 3
2316 1
2319 11
232 1
2320 2
2329 1
233 1
2331 1
234 4
2347 1
2349 1
2361 4
2371 1
2377 2
2385 1
2387 1
239 6
2394 1
2396 2
2397 2
2431 2
2432 1
2458 1
2478 1
248 1
2480 8
2483 5
2484 5
2486 46
2487 3
2489 1
2496 1
2497 1
250 1
254 2
258 6
265 2
270 1
272 1
273 1
274 1
281 3
282 5
284 2
291 1
295 1
301 1
302 12
310 2
319 1
331 10
333 1
334 6
336 8
337 6
339 12
348 1
349 2
353 6
354 8
366 3
368 2
370 1
371 3
377 6
380 2
401 2
405 4
408 2
410 6
423 1
424 3
428 3
430 1
433 1
434 1
438 3
439 1
443 1
446 2
447 1
454 1
455 2
458 3
459 2
460 7
466 24
468 1
470 2
472 2
474 3
476 1
492 1
499 1
50 2
504 1
506 1
509 1
511 1
512 1
518 1
52 2
524 1
526 2
53 9
536 1
54 17
547 1
549 1
55 15
555 1
557 6
560 3
564 1
565 1
567 1
575 9
580 1
60 1
600 2
605 1
61 1
613 1
623 1
624 1
630 1
634 2
646 3
651 1
655 6
658 3
661 3
671 1
719 1
725 5
728 1
731 2
736 1
743 5
745 1
747 2
753 1
762 1
771 2
773 2
786 1
789 5
792 3
796 1
800 3
804 4
807 1
811 2
814 1
815 3
816 1
822 3
827 2
833 10
834 1
837 8
85 1
860 1
87 2
870 1
876 2
883 1
890 2
907 1
914 1
917 1
918 1
923 2
926 3
933 1
938 1
946 11
948 3
949 5
954 3
961 1
966 1
968 2
970 1
971 2
973 1
974 2
979 6
985 1
986 8
989 2
990 9
998 1
