1002 2
1022 2
1023 2
1031 15
1035 8
1037 5
1039 1
1043 16
1047 5
1048 5
1056 3
1059 1
1067 1
1074 1
1077 2
1079 2
1080 2
1089 1
1094 1
1097 2
1103 1
1106 2
1107 2
1132 1
1135 1
1142 1
1143 2
1155 3
1169 1
1178 6
1190 1
1199 1
1205 2
1207 1
1211 7
1217 2
1227 3
1230 1
1259 7
1272 1
1273 3
1274 1
129 2
1292 2
1295 1
1299 1
130 1
1300 1
1302 1
1306 1
1321 3
1327 3
1340 1
1341 2
1345 1
1348 3
1353 6
1362 1
1366 1
1370 1
1376 1
138 2
1380 13
139 5
1399 4
140 2
1403 12
1405 1
1406 1
1409 3
1413 2
1415 1
142 6
1434 1
1438 5
144 2
1446 1
145 1
1450 1
146 1
147 1
1471 2
1475 22
1478 1
1485 2
1487 1
150 1
1504 2
1507 1
1513 1
1522 2
1567 5
1570 3
1571 3
1587 1
1602 1
1604 1
1611 2
1617 1
1620 14
1633 1
1634 1
164 2
1670 1
1679 3
1681 1
1682 1
1686 3
1687 1
1689 2
1705 4
1716 3
172 3
1724 1
173 2
1741 7
1744 2
1745 18
1747 5
1749 1
175 2
1757 1
178 1
1787 1
179 1
1825 3
183 7
1832 1
184 1
1847 8
1849 7
1869 1
1883 2
1895 1
1909 5
1918 2
1930 1
194 2
1944 1
1946 10
1953 4
1955 2
1956 8
1957 1
1964 1
1966 5
197 2
1972 3
1978 5
1981 1
1988 1
1989 3
199 2
1994 2
1995 1
1996 2
201 1
2024 12
2029 1
2030 6
2034 3
2038 2
2042 1
2053 1
2063 1
2064 4
2066 3
2070 1
2072 2
2073 1
2079 2
2091 1
2101 16
2106 2
2107 2
2110 1
2113 12
2116 1
212 4
2123 1
2148 1
2153 5
2155 13
218 1
2181 1
2226 1
223 3
2232 1
2234 6
2240 6
2249 1
225 9
2256 1
2271 10
2273 1
2284 1
229 9
2290 5
2295 1
2299 3
2300 1
2306 1
2317 2
2340 1
2355 2
2361 2
2373 1
2375 1
2377 1
2379 36
238 1
2380 1
2388 2
2395 1
2415 2
2431 2
2468 2
248 2
2486 47
2496 1
2498 1
2499 1
2500 1
2501 1
251 1
254 2
256 1
258 1
261 2
263 3
265 1
270 7
271 1
272 2
273 1
277 3
278 3
280 7
281 1
282 10
287 1
288 1
295 2
296 1
302 1
310 8
312 1
314 1
319 2
331 17
333 2
334 6
336 2
337 1
339 7
340 2
342 1
349 3
350 1
353 2
354 5
363 1
365 1
366 4
367 1
368 1
370 2
371 14
377 4
380 1
387 1
395 2
402 1
405 3
408 4
410 12
422 1
424 3
427 1
428 3
430 3
433 26
434 2
436 1
446 3
449 1
451 1
455 5
459 4
460 8
466 2
471 1
474 2
488 1
493 1
502 1
504 1
507 1
512 4
526 1
53 13
54 12
545 1
55 25
558 1
565 1
577 2
584 3
591 2
597 1
60 13
61 13
613 1
622 4
624 1
629 5
64 2
646 3
647 2
65 2
650 1
651 1
655 1
661 1
663 8
665 1
682 1
684 2
694 1
698 1
709 1
710 2
720 20
737 1
743 11
745 3
747 7
759 1
771 2
773 1
780 3
786 3
789 1
790 4
791 2
792 1
795 1
800 3
801 2
802 3
803 2
811 1
82 4
823 2
837 1
854 1
863 1
870 1
893 1
894 1
899 7
900 19
903 9
907 3
91 1
914 1
923 9
924 1
939 1
941 6
948 14
949 4
951 2
954 3
960 1
966 1
971 1
979 3
980 1
981 2
986 5
990 11
997 1
998 1
