1001 6
1028 1
1037 2
1039 1
1043 4
1048 5
1056 1
106 2
1067 1
1074 2
1077 1
1079 1
1094 1
1096 16
1097 3
1111 1
1132 2
1135 1
1145 1
1152 4
1178 3
118 1
1185 1
1189 6
1192 2
1195 1
1198 3
1214 4
1224 6
1227 1
123 1
1230 1
1239 1
1255 3
126 6
1273 5
1295 1
1301 1
1305 1
1316 1
1321 4
1330 2
1340 1
1345 1
1348 1
1353 1
1370 17
138 8
1389 10
1396 2
1399 5
140 2
1403 1
1413 2
142 5
1432 1
1434 2
144 7
1457 3
147 1
1470 3
1475 30
1485 1
1487 2
150 5
1506 3
1513 1
152 1
1522 3
1543 3
1550 1
1567 3
1570 12
1571 6
1572 5
1581 1
1617 3
1620 6
1634 3
164 1
1652 2
1656 1
166 1
1679 1
1686 1
1689 3
1704 1
1705 3
1716 10
172 2
173 3
1743 3
1744 1
1745 2
175 1
1757 3
1779 1
178 3
1787 2
179 1
1829 1
1833 1
1839 1
184 2
1849 3
186 5
1868 5
1869 2
1873 1
1894 1
1895 1
1917 1
1921 6
1922 1
1928 1
1945 1
1946 5
1948 2
1950 1
1964 1
1966 1
1969 2
1972 1
1979 1
1995 1
2007 6
2010 2
2012 1
202 6
2024 5
2029 3
2030 7
2038 2
2047 1
2053 1
2055 1
2058 1
2063 1
2064 1
2068 3
2071 1
2076 7
208 4
2085 6
2091 1
2093 3
2107 1
2113 1
2128 1
214 6
2143 1
2144 1
2155 1
2182 5
2196 1
2200 2
2209 1
2211 2
2229 1
223 6
2234 2
2239 1
225 1
2256 5
2268 1
2271 3
2282 1
229 7
2293 1
2295 1
2296 1
230 1
2307 1
2316 1
2335 2
2349 1
2352 4
2375 3
2377 2
2388 1
2428 3
2431 1
2432 2
2463 1
2483 1
2484 1
2486 50
2489 1
2497 1
2499 2
2501 1
251 2
2517 1
2518 2
256 2
258 3
264 4
270 1
272 2
273 1
280 1
281 1
302 1
310 1
319 1
331 7
333 3
334 2
336 2
339 4
348 2
349 1
354 18
363 1
368 1
369 1
370 1
371 3
377 5
402 1
405 5
408 1
410 7
421 1
424 3
426 1
428 2
430 1
433 6
434 1
449 5
455 3
459 4
460 1
465 4
472 1
473 1
474 3
476 1
477 1
481 1
490 3
493 1
502 2
504 7
526 2
53 4
535 1
54 5
55 15
565 4
575 22
584 3
585 1
588 3
60 10
600 4
605 1
61 10
629 3
639 2
646 3
647 2
651 1
655 1
661 1
668 1
672 1
676 1
689 2
706 3
714 1
736 1
741 2
743 24
747 2
762 1
771 2
785 2
786 2
789 1
790 11
803 1
814 1
82 3
823 5
825 1
852 1
87 1
870 2
900 6
902 1
907 2
911 1
923 1
926 1
948 1
949 4
95 1
951 2
952 1
954 2
960 1
966 3
979 1
986 9
989 1
990 4
