1001 1
1021 1
1031 11
1034 2
1042 2
1043 2
1047 4
1048 4
1056 1
1057 3
1063 1
1073 1
1074 1
1078 1
1079 3
1094 2
11 2
1100 1
1105 1
1111 2
113 6
1169 1
1178 5
1180 1
1189 3
1190 1
1207 7
1208 3
1216 1
122 2
1221 1
126 2
1272 2
1273 1
128 1
130 1
1306 1
1330 1
1340 1
1348 2
1363 1
1371 1
1378 1
1387 1
139 1
1399 1
140 6
1400 3
1403 2
1405 2
141 1
1434 1
1459 2
1475 22
1493 3
150 1
1522 1
1529 1
1532 1
1548 3
1571 5
158 2
1581 1
1633 1
1634 1
1668 1
1679 2
1686 1
1689 3
1704 1
173 2
1743 1
175 1
1757 1
1767 1
1768 1
1773 1
1779 1
178 3
1789 1
179 15
1791 4
1794 10
1795 1
184 4
1847 13
1849 3
1881 1
1895 1
1906 1
1911 27
1946 1
1953 1
1955 2
1960 2
1964 5
1966 1
1972 1
1976 1
1978 1
199 1
1994 1
2022 2
2024 1
2029 2
2030 2
204 1
2045 1
2051 1
2066 4
2068 1
2071 1
2072 1
21 2
2107 1
2116 3
2161 4
2181 1
2186 2
2187 2
220 4
2200 2
2208 4
2211 1
2217 1
2220 5
2223 1
2226 2
2229 1
2234 4
2242 2
225 1
2256 1
2267 1
2272 1
2277 2
229 4
2295 1
2298 1
2313 1
2329 1
2349 2
2376 1
2377 1
2387 2
2388 3
2389 1
2396 1
2431 2
2432 2
244 1
2446 1
2447 1
2464 4
2468 1
2481 1
2486 34
2487 1
2496 1
2501 1
2601 2
263 1
266 1
268 6
270 2
273 1
278 2
281 5
282 2
285 1
306 2
309 1
316 16
317 4
319 3
331 13
336 3
339 6
342 1
349 3
352 1
353 1
354 1
365 4
366 3
368 1
371 2
377 1
380 1
382 1
405 1
407 1
410 4
424 1
425 2
428 4
433 1
438 1
455 2
459 3
460 7
472 5
476 1
487 1
488 13
512 1
515 2
526 3
53 5
54 3
55 15
560 2
565 3
575 3
577 3
580 1
588 1
597 1
600 2
613 1
622 3
629 1
639 4
64 1
646 4
65 1
655 1
660 1
668 1
682 2
690 1
710 1
719 1
730 1
731 1
744 1
749 1
765 2
771 7
785 1
789 2
790 1
800 1
801 1
802 2
803 1
814 1
82 2
823 2
825 1
830 1
838 2
863 1
869 27
901 1
91 1
923 3
926 2
927 1
928 1
933 1
935 1
941 2
945 1
949 2
954 1
966 1
979 1
986 6
990 1
993 15
