10 1
1001 3
1028 1
1037 1
1042 1
1043 3
1047 1
1048 4
1049 1
1056 1
1057 1
1063 1
1070 1
1073 1
1074 3
1079 1
1089 1
1103 1
1132 2
1142 4
1145 4
1165 1
1178 1
1183 1
1189 2
1195 1
1207 1
123 1
1239 4
1255 1
1296 1
130 1
131 1
1327 1
1330 2
1340 1
1341 1
1348 1
1370 1
139 1
1399 2
1403 3
1413 1
1423 1
1432 2
1438 5
1446 1
1450 1
1475 8
1485 1
1487 1
1513 2
1519 1
1569 3
1570 8
1571 4
1589 4
1606 1
1608 2
1620 9
1633 1
1634 10
164 1
1649 1
165 2
1670 2
1682 2
1688 1
1696 1
1716 4
173 2
1740 2
1747 13
1749 1
1757 2
1773 1
178 1
1787 1
1788 1
1811 2
183 2
184 2
186 1
1946 1
1956 2
1966 1
1972 2
1994 2
202 5
2024 8
2029 2
2030 1
204 2
2066 2
2069 2
2072 1
2073 1
2079 1
2085 4
2101 13
2107 2
2116 3
2133 6
2135 1
2163 1
2181 1
2186 5
2192 1
220 1
2211 2
2240 1
225 1
2268 1
229 1
230 1
2315 1
2341 1
2349 3
2352 1
2377 1
238 2
2383 1
2432 1
2471 1
248 1
2482 1
2486 28
2497 1
255 1
256 1
258 2
259 1
263 6
270 2
272 3
273 1
280 1
281 3
282 1
286 2
294 1
296 3
306 1
310 1
331 3
333 1
334 2
339 5
353 1
366 1
371 1
377 2
402 2
405 8
410 1
421 1
423 2
430 3
433 6
434 2
437 1
455 2
459 2
466 3
467 1
473 1
503 3
512 4
515 2
53 5
535 1
54 1
55 8
564 1
565 5
575 3
577 2
588 1
60 2
61 2
613 1
629 3
639 1
64 1
65 1
660 1
684 2
710 1
712 1
718 1
743 8
747 1
786 1
789 3
800 2
801 2
802 8
804 2
84 2
9 1
900 20
903 1
914 4
923 1
926 1
935 1
947 1
948 4
951 1
954 1
961 13
966 3
981 2
985 1
986 2
988 1
991 1
