1002 1
1003 2
1015 1
1021 1
1031 4
1032 1
1034 2
1038 1
1042 4
1043 6
1047 3
1048 5
1049 1
106 2
1063 2
1068 1
1070 1
1073 1
1077 1
1078 4
1079 4
1089 3
109 1
1094 5
1096 3
1105 1
1110 2
1123 1
113 1
1138 1
1143 1
1155 2
1177 1
1178 6
1180 3
1183 1
1186 1
1192 3
1209 1
1224 4
1231 2
1234 1
1248 1
1270 1
1272 1
1283 1
1289 1
1299 1
1301 2
132 2
1326 1
1330 1
1340 2
1347 1
1348 4
1353 1
136 1
1370 2
1371 2
139 1
1391 1
1399 1
140 3
1400 1
141 2
1413 1
142 1
1434 2
1435 1
1438 1
145 1
1459 7
1475 28
1479 1
1485 4
1487 2
1489 2
150 3
1512 2
1513 5
1517 2
1519 1
1548 1
156 2
1569 1
1570 1
1571 1
1572 3
1582 1
1592 1
1593 2
1601 1
1610 2
1633 2
1634 2
164 3
1670 1
1677 2
1679 1
1681 3
1686 2
1709 2
1714 1
1716 1
1726 1
173 3
1730 2
1742 1
1744 2
1745 1
1755 1
1760 2
177 1
1774 1
1776 2
1779 3
1787 1
1791 1
1794 4
1800 1
1811 1
1813 2
1815 1
183 5
1831 1
184 6
1845 1
1849 1
1900 1
1905 1
1909 2
1911 19
1913 1
192 1
1922 1
1950 1
1953 1
1955 4
1966 3
1969 1
1972 2
1975 1
1978 1
1994 3
1996 4
2010 1
2024 1
2029 4
2030 2
2042 1
2051 1
2066 1
207 1
2072 2
2076 3
2077 2
2107 3
2114 1
2116 1
212 1
2156 5
2181 1
2192 1
2198 2
2208 1
2218 1
2223 1
2226 4
2229 2
2234 10
2239 3
2242 4
2244 1
225 3
2272 1
2273 2
2277 1
2279 1
2285 2
229 2
2296 1
230 2
2304 1
2335 2
234 2
2343 1
2349 5
2359 1
2377 1
2392 1
2398 2
2399 1
2403 1
2404 1
2412 5
2415 2
2432 3
2463 2
2465 2
2468 3
2471 1
2481 1
2483 1
2484 1
2486 44
2496 3
2498 1
2508 22
254 1
256 1
259 1
261 1
264 1
268 2
272 1
273 2
274 1
280 2
281 4
282 10
285 1
305 1
309 2
317 1
322 1
323 1
324 1
329 1
331 12
333 3
334 1
336 4
339 10
342 1
353 3
354 5
363 1
365 1
366 3
367 1
368 15
370 2
371 2
380 1
395 1
402 9
405 8
410 4
427 1
428 3
430 2
455 1
459 1
460 9
466 1
467 1
494 1
512 1
515 1
517 1
521 2
53 7
536 2
54 1
540 1
55 8
555 2
558 1
564 1
565 3
570 1
574 1
575 2
577 8
584 2
585 1
588 6
595 1
60 5
61 5
613 4
62 1
622 1
63 1
64 1
646 3
647 6
65 1
655 1
661 2
672 1
687 12
693 1
709 1
714 2
718 1
736 1
743 1
747 1
752 4
753 1
757 1
769 1
771 2
786 2
789 2
792 1
801 1
802 3
809 1
815 2
82 8
823 6
825 1
85 1
869 18
87 2
899 1
904 1
91 3
915 1
923 2
926 1
935 2
938 1
940 3
941 1
948 1
949 1
95 5
954 1
960 1
966 1
971 2
972 1
979 5
981 3
983 1
986 9
990 4
993 12
995 1
