1043 15
1048 1
1067 1
1071 12
1074 3
108 1
1085 1
1089 2
1100 2
1107 7
1119 4
1127 2
1135 1
1171 3
1174 3
1178 5
118 1
1181 1
1189 4
1190 1
1192 4
1214 2
122 1
1223 2
1224 2
1230 1
1236 5
1239 2
1248 1
125 1
126 1
1272 1
130 1
1301 3
1306 1
1319 1
1330 8
134 1
1370 1
1387 1
1399 2
1403 1
1409 2
1413 1
1426 1
1430 1
1432 2
1434 2
144 1
1475 18
150 1
1503 1
1506 1
1513 1
1522 1
1532 1
1543 1
1550 1
1565 2
1570 1
1571 1
1572 4
1604 1
1608 1
1620 2
1634 2
164 1
1679 1
1681 1
1686 2
1687 2
1688 3
1695 1
1716 1
172 2
1720 3
1722 1
1744 3
1745 1
1757 3
1759 5
178 1
183 1
1831 1
1849 3
1869 3
1901 3
1905 2
1942 11
1946 5
1955 1
1960 1
1961 1
1972 1
1976 1
1980 1
2008 1
2010 1
202 1
203 2
2030 1
2031 1
2038 1
2047 3
2058 1
2063 1
2064 2
2072 1
2088 1
2093 2
2107 1
2113 1
2116 1
214 2
2167 1
2192 1
2196 1
2201 1
2211 1
2223 1
2256 3
2258 1
2273 6
229 2
2305 11
2306 1
2307 1
2325 1
2349 2
2358 2
2360 2
2373 1
2377 3
2388 1
2401 1
2406 1
2411 1
2432 1
248 1
2486 26
2497 2
2498 2
256 2
258 1
261 1
263 1
264 1
276 1
278 1
281 3
284 1
285 1
291 4
310 1
319 2
331 3
334 2
336 1
339 6
340 4
353 1
363 3
366 5
368 1
370 6
380 1
390 1
405 2
409 2
410 3
417 6
423 1
430 1
434 4
446 2
452 1
455 2
459 3
465 1
473 1
487 3
500 1
502 4
504 1
526 1
53 8
54 1
55 9
564 2
565 1
575 2
585 1
60 3
600 1
605 1
61 3
624 1
629 1
639 1
64 1
645 1
646 1
65 1
655 4
691 1
709 2
747 2
753 1
767 1
786 1
800 2
802 1
811 1
82 1
821 1
837 3
85 4
854 1
863 2
892 1
899 1
911 4
926 2
928 1
940 1
949 4
95 2
952 2
96 3
979 1
986 12
989 1
990 3
