10 2
1001 1
1007 2
1031 8
1039 1
1042 2
1043 2
1048 5
1055 1
106 1
1061 1
1067 1
1068 2
1070 1
1077 2
1079 2
108 1
1082 1
1096 2
1097 1
110 1
1102 2
1103 1
1111 1
1121 1
1123 2
1126 1
1127 1
1143 1
1155 1
1178 9
1185 4
1187 1
1190 1
1192 2
12 14
1211 16
1216 1
123 1
1230 1
1239 1
1247 1
125 1
1259 1
126 2
1273 1
130 1
1300 4
1306 2
131 1
1327 1
1330 5
1340 1
1353 1
136 1
1370 4
1380 10
1399 1
14 1
1400 1
1403 7
1405 1
141 5
1413 3
1424 1
1429 2
1438 1
144 1
1450 1
146 2
147 1
1471 7
1475 21
1485 8
1487 2
15 4
150 6
1503 1
1504 6
151 3
1512 2
1522 2
1530 1
1567 1
1568 1
1570 3
1571 2
1572 4
16 4
1608 1
1633 2
1634 3
164 5
1670 1
1679 9
1686 3
1690 2
17 1
1704 1
1705 1
1726 2
173 1
1740 2
1741 12
1744 2
1745 2
1747 13
175 1
1760 1
177 2
178 2
1806 1
1825 9
183 3
1840 1
1847 7
186 1
19 1
1909 2
1917 1
1918 8
1930 9
1948 1
1955 3
1956 3
1960 1
1966 1
1971 1
1972 3
1979 1
199 1
2007 2
2019 1
203 1
2030 2
204 4
2053 3
2055 1
2056 1
2064 1
2066 2
2070 1
2077 1
2079 1
208 1
2082 4
2091 2
2093 3
21 2
2101 15
2104 1
2113 3
2116 1
2118 1
2135 1
2143 1
2153 2
2155 1
2172 1
2181 2
2186 1
22 1
2204 1
223 8
2239 1
2240 1
225 2
2267 1
229 1
2290 10
2295 3
23 1
2305 1
2306 1
2307 1
2315 1
2317 1
2349 2
2367 1
2375 1
2379 59
2385 1
2388 3
2395 1
2403 1
2411 1
2415 8
2456 1
2468 2
248 3
2482 6
2483 10
2484 10
2486 36
2489 2
2496 5
2497 2
251 2
2553 1
256 1
2565 2
258 2
2580 1
2592 1
2599 1
2609 1
261 2
2615 1
2627 1
263 1
2636 1
265 1
2656 1
27 1
270 1
271 2
272 7
278 4
28 1
280 2
281 3
282 1
29 6
291 2
296 2
312 2
319 3
331 18
332 1
333 2
334 1
336 4
337 4
339 10
340 1
342 1
349 2
353 1
354 8
357 1
358 2
363 1
366 1
370 2
371 12
377 1
380 2
390 4
399 1
402 1
405 1
408 1
410 8
424 1
428 1
430 1
432 1
433 11
434 2
440 1
444 2
455 3
460 5
461 1
465 2
466 1
473 1
474 3
516 2
521 1
526 4
53 6
535 2
54 14
55 15
564 1
565 7
575 5
591 4
60 23
600 3
61 23
616 5
624 1
646 3
651 4
655 4
684 1
693 1
710 3
718 6
719 1
720 25
736 1
743 21
747 2
749 1
760 1
77 1
773 1
785 1
786 8
789 2
79 1
796 1
800 7
801 1
804 3
82 11
830 1
852 1
863 2
887 3
9 2
900 6
907 13
914 1
915 1
923 2
936 2
943 2
949 5
951 2
952 1
970 2
979 3
986 8
988 2
990 1
996 1
