1001 2
1005 1
1028 1
1029 1
1037 1
1042 3
1043 5
1048 22
1051 1
1053 1
1056 3
106 1
1069 2
1073 3
1074 1
1076 2
1077 3
1079 1
1089 2
1094 2
1096 4
1097 2
110 1
1111 7
1118 1
1121 1
1135 2
114 1
1152 2
1155 1
1178 17
1185 3
1189 4
1190 1
1192 2
1198 2
1202 3
1204 1
1206 1
1211 2
1216 1
122 1
1224 7
1230 2
1232 2
1255 10
1256 2
1258 1
1270 1
1273 1
1285 1
1295 4
1321 12
1328 1
1330 1
1335 3
1336 1
134 1
1340 2
1343 1
1348 1
1360 2
1370 4
138 1
1383 1
1391 1
1393 1
1395 2
1396 1
1399 5
140 4
1400 4
1403 7
1405 5
1413 4
1415 1
1426 1
1434 6
144 1
1449 1
1454 1
146 1
1465 3
1471 2
1475 61
1480 1
1483 1
1485 2
1486 2
1487 1
1491 3
1494 1
1495 1
150 1
1500 2
1506 1
151 1
1510 1
1519 1
1522 1
1528 1
154 1
1547 1
1548 1
1557 1
1563 3
1564 1
1566 1
1570 1
1571 7
1572 11
1592 1
1604 1
1608 1
1633 1
1634 8
1635 1
164 2
1641 1
165 1
1650 4
1652 2
1656 1
1678 1
1679 5
1681 6
1686 2
1689 1
1702 1
1712 1
1716 3
1718 1
172 1
1720 1
173 2
1732 2
1744 1
1745 1
1747 1
1759 2
1760 1
1779 1
178 1
1785 1
1787 1
1788 1
179 1
1791 1
1795 1
1809 2
1825 2
183 2
1838 1
1839 1
184 1
1841 4
1845 1
1847 4
1849 3
1859 1
186 3
1861 3
1864 1
1867 1
1873 1
1886 1
1895 1
1906 1
1908 1
1917 1
1920 1
1922 1
1930 1
1944 1
1946 5
1948 4
1950 1
1955 8
1956 3
1960 2
1964 1
1966 1
1969 1
1972 5
1978 1
1981 1
1982 1
1988 1
1990 4
1994 3
1996 5
200 1
2007 3
2011 1
2012 1
2013 1
2014 1
202 4
2024 2
2029 6
2030 3
2034 3
2038 1
204 1
2042 2
2043 1
2044 1
2053 2
2058 3
2059 1
2060 5
2063 1
2068 2
2072 5
2076 5
2077 1
2078 1
2079 2
2085 1
2091 3
2092 1
2093 1
2104 2
2107 4
2113 1
212 2
2128 1
2133 4
2135 3
214 1
2143 1
2145 1
2148 3
2154 2
2156 2
218 1
2182 3
2186 19
2192 1
2200 3
2211 2
2222 1
2229 1
223 4
2232 1
2239 1
2240 3
2249 3
2256 3
2271 2
2273 4
2277 7
228 1
229 1
2292 2
2299 2
2300 1
2301 1
2302 3
2304 4
2307 1
2335 4
2340 1
2347 4
2365 2
2367 1
2375 1
2379 2
238 2
2383 1
2388 1
2415 2
2428 1
2431 1
244 10
2467 2
2468 2
248 4
2481 2
2483 4
2484 4
2486 69
2496 4
2497 1
2498 6
2501 3
2507 5
2511 1
254 1
256 2
2561 1
2576 2
258 5
2582 1
2589 1
261 3
263 5
2644 1
265 1
2655 1
273 1
278 4
281 19
282 2
283 1
289 1
291 1
300 1
302 2
303 1
306 1
309 2
31 2
318 1
319 1
329 1
331 22
334 1
335 1
336 6
337 7
339 25
340 7
341 3
342 3
349 2
35 2
353 5
354 5
355 1
363 1
366 5
368 4
369 1
370 9
371 1
376 1
380 2
382 1
395 1
402 3
404 1
405 32
407 2
408 2
409 2
410 12
422 4
423 2
424 1
427 1
428 4
430 4
433 13
434 7
446 2
453 1
455 1
457 3
459 5
460 12
461 1
463 1
465 3
466 2
474 6
476 1
483 3
487 3
488 1
490 2
504 3
51 1
510 1
512 2
518 1
519 1
521 1
524 1
525 1
526 2
53 14
532 1
54 20
55 23
555 7
558 2
561 1
565 6
567 1
570 3
575 7
577 1
579 1
584 5
585 1
588 3
60 2
600 15
602 1
61 2
613 1
616 1
617 1
627 2
639 1
643 1
646 11
647 9
651 6
654 1
655 6
665 1
672 2
676 1
678 1
682 1
683 1
684 2
685 1
689 1
694 1
699 3
714 1
719 2
727 2
731 2
734 1
736 2
747 3
749 1
757 3
760 1
763 4
767 4
768 1
771 7
773 3
779 1
786 2
788 2
789 3
790 1
800 6
801 1
803 1
811 3
812 2
82 14
821 2
823 2
825 1
84 10
852 2
864 1
870 1
886 1
89 1
894 1
895 1
896 2
899 2
90 1
903 6
914 5
915 18
926 1
928 1
938 3
940 3
941 1
948 2
949 2
951 3
96 1
966 2
970 4
971 1
979 4
986 17
989 1
990 1
997 3
998 1
