1005 1
1023 1
1037 1
1039 1
1042 1
1043 5
1048 1
1055 2
1056 1
1059 1
106 1
1071 11
108 1
1080 1
1106 1
1107 10
1119 3
1123 1
1134 1
1155 2
1171 2
1174 4
1178 5
1187 1
1189 3
1190 2
1192 2
1214 3
1236 5
1271 3
1319 1
132 1
1327 2
1330 3
1335 2
1336 1
1353 2
1370 1
139 1
1399 1
140 2
1403 1
141 1
1426 1
1433 1
1438 1
144 4
145 1
146 1
1463 1
147 1
1470 1
1475 9
1485 2
1501 5
151 2
1522 1
1566 1
1571 2
1572 1
1576 1
1601 6
1604 1
1620 1
1633 2
1634 1
1639 2
164 1
1649 1
1687 1
1716 5
172 1
173 3
1734 1
1743 1
1744 1
1747 1
1779 1
1784 1
1787 1
1788 2
179 1
183 1
1837 1
1840 1
1849 3
1869 1
1883 6
1889 1
1900 2
1901 5
1921 3
1923 2
194 1
1942 3
1946 8
1955 2
1966 2
1968 1
197 1
1976 2
1979 1
1980 1
1998 2
2024 2
2029 1
203 1
2030 2
2038 1
2055 1
2058 1
2063 1
2068 1
207 1
2072 2
2076 2
2078 1
2093 1
2107 1
2108 1
212 4
2155 1
2157 1
2180 1
2196 1
2200 1
2223 1
2226 1
2229 1
2234 2
2240 9
225 5
2256 2
2269 1
2271 2
2275 1
228 1
229 2
230 2
2305 3
233 1
2349 1
2361 1
2367 1
2372 1
2373 2
2377 1
2395 1
2401 1
2411 3
2415 1
2431 1
248 3
2486 14
2496 1
2497 2
254 1
258 1
261 1
264 2
270 1
272 2
277 2
278 2
280 1
282 5
290 1
302 1
306 1
331 4
333 1
336 4
339 4
349 4
353 2
354 2
365 3
366 1
368 1
371 1
377 2
380 1
395 1
405 1
409 1
410 2
417 4
423 1
433 7
434 1
441 4
455 4
456 2
460 1
466 3
474 1
477 1
487 4
504 1
512 1
53 5
54 6
549 1
55 6
575 3
577 6
584 1
60 4
605 1
61 4
622 1
64 1
646 3
65 1
661 1
709 1
710 1
730 1
731 2
736 1
747 2
749 1
771 3
786 1
789 3
790 2
800 1
801 1
803 2
837 1
838 1
85 3
887 1
895 1
897 1
903 6
911 3
923 4
938 1
941 2
948 3
949 1
95 1
954 1
965 1
966 2
971 1
979 1
981 3
986 2
988 1
990 2
997 2
