10 1
1001 12
1010 1
1031 2
1042 3
1043 12
1047 2
1048 4
1056 2
1057 2
106 1
1063 1
1067 1
1073 1
1074 3
1077 1
1079 1
108 1
1080 1
1089 1
1094 1
1096 3
1097 4
1103 1
1106 1
1111 1
1132 5
1135 9
1143 1
1145 1
1178 4
1190 1
1192 4
1215 1
123 1
1259 2
1273 2
130 2
1301 2
1305 5
1327 1
1330 1
1340 6
1341 1
1353 3
1370 2
138 17
1387 1
1389 4
139 1
1396 1
1399 16
140 1
1403 1
1405 1
141 1
1413 4
1414 4
1415 7
1416 1
142 2
1429 1
1438 1
1443 1
1457 8
1471 1
1475 27
150 2
1513 4
1522 3
1528 1
1567 1
1570 32
1572 3
1589 1
1601 10
1606 1
1634 9
1635 2
164 3
1656 14
1678 1
1679 4
1681 2
1682 2
1683 2
1689 1
1699 1
1705 1
1724 1
1743 3
1744 3
1747 1
1749 3
175 1
1759 1
177 2
1787 2
1825 3
183 2
1833 3
184 1
1849 3
1856 1
1858 1
186 17
1868 6
1896 1
1937 1
194 1
1946 8
1949 1
1950 1
1955 1
1972 4
1976 4
1979 1
1994 1
2007 4
2016 1
202 8
2024 1
2029 6
2030 2
2038 3
204 6
2053 1
2055 1
2063 1
2073 1
2082 1
2085 14
2093 3
2107 1
2108 8
2116 1
2133 3
214 1
2148 1
2155 1
2181 2
2182 1
2192 2
220 1
2220 1
2226 2
223 2
2234 2
2240 5
2247 1
2267 3
2273 4
2282 5
2284 1
229 3
2295 3
2307 1
2312 1
2315 1
2317 1
2341 1
2347 2
2349 2
2352 1
2355 1
2359 1
2361 1
2373 5
2375 2
2377 2
2388 4
2393 1
2428 8
2432 3
2468 2
248 2
2482 1
2483 3
2484 3
2486 39
2498 2
255 5
256 1
258 2
2614 1
263 4
270 2
272 1
273 1
278 5
280 3
281 4
282 2
283 1
302 1
307 3
331 7
333 1
334 4
336 1
337 1
339 14
340 3
342 1
345 5
347 1
349 4
350 1
353 2
354 6
356 1
362 4
363 2
365 1
366 2
368 1
371 6
395 2
399 3
402 1
405 4
410 5
421 1
424 1
428 2
430 4
433 1
434 1
438 1
446 2
449 1
455 1
459 5
466 1
473 1
474 1
504 1
512 2
53 6
532 1
54 14
545 1
55 16
564 2
565 1
575 20
580 3
60 5
600 3
606 1
61 5
613 1
622 1
629 1
639 1
64 1
646 4
65 1
655 1
661 2
706 10
710 2
712 1
743 39
747 7
760 1
771 1
773 1
780 2
785 1
786 2
789 6
790 6
792 1
800 2
801 1
802 1
804 1
84 1
863 1
870 2
899 1
9 1
90 1
900 2
907 2
911 1
914 4
936 3
938 7
941 2
948 3
949 1
95 1
951 2
954 1
979 2
985 2
986 8
990 7
998 2
