1 1
10 11
100 2
1000 6
1001 258
1002 27
1003 6
1004 1
1005 97
1006 6
1007 28
1008 26
1009 2
101 2
1010 3
1011 1
1012 2
1013 10
1014 2
1015 2
1016 3
1017 4
1018 38
1019 1
102 5
1020 1
1021 29
1022 24
1023 43
1024 3
1025 1
1026 3
1027 3
1028 16
1029 16
103 3
1030 1
1031 267
1032 1
1033 18
1034 18
1035 86
1036 13
1037 187
1038 2
1039 33
104 2
1040 2
1041 2
1042 203
1043 854
1044 1
1045 1
1046 14
1047 208
1048 690
1049 10
105 1
1050 3
1051 26
1052 8
1053 1
1054 1
1055 94
1056 79
1057 107
1058 1
1059 38
106 63
1060 5
1061 5
1062 1
1063 60
1064 63
1065 12
1066 19
1067 126
1068 38
1069 56
107 7
1070 20
1071 131
1072 5
1073 53
1074 154
1075 4
1076 30
1077 191
1078 9
1079 249
108 43
1080 51
1081 13
1082 55
1083 17
1084 12
1085 19
1086 5
1087 2
1088 7
1089 190
109 1
1090 1
1091 2
1092 3
1093 1
1094 117
1095 7
1096 194
1097 121
1098 12
1099 11
11 21
110 31
1100 8
1101 3
1102 83
1103 24
1104 22
1105 29
1106 22
1107 210
1108 8
1109 1
111 1
1110 3
1111 100
1112 8
1113 8
1114 4
1115 4
1116 4
1117 2
1118 18
1119 49
112 3
1120 5
1121 21
1122 32
1123 25
1124 10
1125 3
1126 10
1127 72
1128 35
1129 9
113 97
1130 3
1131 1
1132 126
1133 3
1134 3
1135 186
1136 8
1137 5
1138 2
1139 1
114 8
1140 1
1141 2
1142 52
1143 66
1144 6
1145 64
1146 1
1147 4
1148 3
1149 1
115 1
1150 1
1151 1
1152 45
1153 3
1154 1
1155 162
1156 16
1157 2
1158 5
1159 1
116 11
1160 1
1161 1
1162 2
1163 4
1164 1
1165 1
1166 2
1167 2
1168 1
1169 30
117 1
1170 2
1171 39
1172 6
1173 6
1174 81
1175 2
1176 9
1177 4
1178 651
1179 1
118 39
1180 10
1181 13
1182 3
1183 13
1184 2
1185 116
1186 1
1187 6
1188 8
1189 328
119 4
1190 52
1191 1
1192 151
1193 1
1194 2
1195 45
1196 2
1197 3
1198 64
1199 17
12 24
120 3
1200 7
1201 1
1202 12
1203 1
1204 37
1205 4
1206 1
1207 71
1208 8
1209 3
121 3
1210 1
1211 143
1212 2
1213 3
1214 62
1215 31
1216 42
1217 26
1218 6
1219 1
122 27
1220 1
1221 7
1222 1
1223 28
1224 179
1225 2
1226 30
1227 17
1228 5
1229 1
123 19
1230 66
1231 7
1232 12
1233 1
1234 4
1235 3
1236 61
1237 6
1238 1
1239 75
124 3
1240 1
1241 1
1242 2
1243 29
1244 1
1245 2
1246 1
1247 3
1248 112
1249 1
125 9
1250 6
1251 9
1252 4
1253 2
1254 2
1255 144
1256 31
1257 1
1258 3
1259 156
126 101
1260 3
1261 1
1262 13
1263 4
1264 1
1265 4
1266 4
1267 6
1268 1
1269 21
127 1
1270 19
1271 48
1272 114
1273 221
1274 71
1275 5
1276 18
1277 2
1278 2
1279 1
128 20
1280 1
1281 7
1282 11
1283 17
1284 1
1285 26
1286 23
1287 12
1288 2
1289 23
129 14
1290 2
1291 4
1292 14
1293 1
1294 4
1295 38
1296 36
1297 6
1298 1
1299 34
13 2
130 90
1300 35
1301 73
1302 37
1303 29
1304 2
1305 82
1306 91
1307 4
1308 2
1309 1
131 29
1310 1
1311 7
1312 6
1313 3
1314 1
1315 2
1316 6
1317 1
1318 1
1319 12
132 18
1320 4
1321 687
1322 2
1323 2
1324 7
1325 28
1326 51
1327 114
1328 30
1329 2
133 10
1330 257
1331 1
1332 1
1333 18
1334 2
1335 235
1336 21
1337 1
1338 2
1339 2
134 43
1340 262
1341 75
1342 3
1343 12
1344 4
1345 3
1346 2
1347 1
1348 71
1349 2
135 11
1350 58
1351 5
1352 4
1353 118
1354 6
1355 1
1356 1
1357 30
1358 1
1359 9
136 7
1360 48
1361 2
1362 5
1363 9
1364 2
1365 1
1366 1
1367 1
1368 1
1369 20
137 1
1370 355
1371 7
1372 77
1373 1
1374 1
1375 1
1376 21
1377 1
1378 19
1379 1
138 295
1380 140
1381 7
1382 2
1383 36
1384 1
1385 2
1386 2
1387 108
1388 9
1389 59
139 181
1390 1
1391 4
1392 10
1393 43
1394 2
1395 55
1396 43
1397 1
1398 32
1399 490
14 2
140 333
1400 81
1401 5
1402 1
1403 355
1404 4
1405 56
1406 6
1407 29
1408 10
1409 121
141 164
1410 3
1411 16
1412 2
1413 292
1414 10
1415 84
1416 9
1417 155
1418 3
1419 1
142 156
1420 5
1421 27
1422 1
1423 19
1424 27
1425 3
1426 84
1427 2
1428 1
1429 32
143 3
1430 2
1431 7
1432 62
1433 6
1434 175
1435 1
1436 14
1437 1
1438 79
1439 99
144 265
1440 1
1441 5
1442 40
1443 24
1444 5
1445 1
1446 6
1447 4
1448 1
1449 3
145 160
1450 22
1451 1
1452 1
1453 10
1454 2
1455 5
1456 2
1457 135
1458 1
1459 257
146 126
1460 1
1461 1
1462 6
1463 9
1464 1
1465 9
1466 2
1467 11
1468 1
1469 7
147 280
1470 62
1471 84
1472 3
1473 1
1474 1
1475 2961
1476 3
1477 13
1478 57
1479 16
148 5
1480 3
1481 1
1482 1
1483 45
1484 1
1485 335
1486 18
1487 216
1488 3
1489 2
149 3
1490 1
1491 50
1492 4
1493 13
1494 3
1495 1
1496 13
1497 6
1498 6
1499 8
15 9
150 224
1500 28
1501 28
1502 6
1503 9
1504 71
1505 23
1506 41
1507 10
1508 1
1509 1
151 73
1510 1
1511 2
1512 74
1513 193
1514 1
1515 1
1516 3
1517 5
1518 2
1519 60
152 4
1520 1
1521 16
1522 151
1523 4
1524 8
1525 2
1526 4
1527 1
1528 34
1529 1
153 12
1530 6
1531 1
1532 34
1533 2
1534 3
1535 1
1536 1
1537 2
1538 6
1539 1
154 12
1540 107
1541 12
1542 4
1543 31
1544 26
1545 79
1546 2
1547 1
1548 35
1549 1
155 12
1550 55
1551 1
1552 1
1553 5
1554 1
1555 1
1556 12
1557 2
1558 5
1559 4
156 4
1560 1
1561 1
1562 2
1563 48
1564 25
1565 24
1566 10
1567 152
1568 8
1569 29
157 2
1570 452
1571 291
1572 338
1573 2
1574 1
1575 1
1576 21
1577 3
1578 2
1579 2
158 10
1580 1
1581 9
1582 1
1583 2
1584 2
1585 1
1586 2
1587 33
1588 2
1589 7
159 1
1590 5
1591 1
1592 26
1593 2
1594 1
1595 3
1596 3
1597 1
1598 3
1599 3
16 19
160 8
1600 1
1601 185
1602 5
1603 3
1604 26
1605 2
1606 90
1607 2
1608 79
1609 1
161 4
1610 13
1611 43
1612 1
1613 41
1614 1
1615 1
1616 12
1617 23
1618 3
1619 1
162 2
1620 317
1621 7
1622 2
1623 13
1624 10
1625 4
1626 1
1627 4
1628 2
1629 4
163 1
1630 3
1631 2
1632 1
1633 245
1634 406
1635 110
1636 4
1637 21
1638 1
1639 16
164 413
1640 1
1641 39
1642 8
1643 1
1644 1
1645 22
1646 2
1647 2
1648 2
1649 4
165 33
1650 61
1651 2
1652 34
1653 9
1654 16
1655 1
1656 150
1657 6
1658 15
1659 1
166 5
1660 12
1661 1
1662 1
1663 2
1664 1
1665 4
1666 4
1667 1
1668 2
1669 1
167 1
1670 122
1671 5
1672 59
1673 1
1674 1
1675 1
1676 1
1677 2
1678 21
1679 347
168 1
1680 73
1681 178
1682 179
1683 8
1684 1
1685 1
1686 113
1687 35
1688 53
1689 160
169 5
1690 43
1691 175
1692 2
1693 5
1694 1
1695 2
1696 10
1697 1
1698 1
1699 13
17 14
170 1
1700 1
1701 4
1702 17
1703 10
1704 25
1705 99
1706 2
1707 23
1708 3
1709 49
171 1
1710 2
1711 5
1712 3
1713 12
1714 5
1715 3
1716 294
1717 1
1718 26
1719 5
172 36
1720 20
1721 1
1722 8
1723 1
1724 19
1725 65
1726 6
1727 2
1728 8
1729 7
173 391
1730 5
1731 5
1732 23
1733 3
1734 9
1735 2
1736 1
1737 1
1738 2
1739 3
174 1
1740 58
1741 99
1742 2
1743 44
1744 195
1745 173
1746 2
1747 264
1748 13
1749 116
175 63
1750 15
1751 2
1752 1
1753 1
1754 3
1755 2
1756 7
1757 45
1758 2
1759 135
176 17
1760 37
1761 43
1762 3
1763 4
1764 2
1765 9
1766 1
1767 1
1768 2
1769 3
177 95
1770 7
1771 4
1772 2
1773 41
1774 2
1775 2
1776 13
1777 1
1778 24
1779 113
178 186
1780 1
1781 1
1782 3
1783 1
1784 58
1785 5
1786 6
1787 99
1788 16
1789 2
179 144
1790 4
1791 56
1792 4
1793 23
1794 41
1795 12
1796 3
1797 4
1798 7
1799 4
18 4
180 1
1800 3
1801 2
1802 1
1803 4
1804 2
1805 8
1806 21
1807 1
1808 3
1809 24
181 1
1810 3
1811 55
1812 6
1813 31
1814 2
1815 4
1816 1
1817 68
1818 6
1819 22
182 1
1820 8
1821 1
1822 8
1823 2
1824 14
1825 164
1826 77
1827 13
1828 8
1829 17
183 319
1830 1
1831 8
1832 22
1833 126
1834 1
1835 2
1836 1
1837 2
1838 5
1839 12
184 291
1840 59
1841 34
1842 2
1843 6
1844 1
1845 35
1846 5
1847 254
1848 5
1849 258
185 1
1850 12
1851 1
1852 5
1853 1
1854 2
1855 1
1856 19
1857 1
1858 32
1859 12
186 218
1860 5
1861 37
1862 1
1863 2
1864 31
1865 1
1866 3
1867 5
1868 55
1869 22
187 3
1870 9
1871 2
1872 3
1873 18
1874 5
1875 3
1876 24
1877 1
1878 18
1879 1
188 1
1880 1
1881 2
1882 28
1883 94
1884 1
1885 1
1886 3
1887 1
1888 2
1889 12
189 17
1890 1
1891 1
1892 7
1893 5
1894 21
1895 101
1896 32
1897 1
1898 2
1899 10
19 10
190 5
1900 45
1901 77
1902 3
1903 1
1904 2
1905 129
1906 24
1907 1
1908 4
1909 106
191 12
1910 12
1911 149
1912 1
1913 2
1914 2
1915 1
1916 1
1917 24
1918 43
1919 1
192 3
1920 9
1921 36
1922 170
1923 55
1924 2
1925 1
1926 4
1927 11
1928 31
1929 25
193 1
1930 65
1931 6
1932 1
1933 25
1934 1
1935 12
1936 1
1937 11
1938 1
1939 6
194 84
1940 1
1941 1
1942 59
1943 2
1944 28
1945 4
1946 532
1947 3
1948 55
1949 21
195 3
1950 55
1951 18
1952 1
1953 39
1954 1
1955 268
1956 113
1957 55
1958 12
1959 23
196 8
1960 67
1961 10
1962 2
1963 4
1964 51
1965 1
1966 290
1967 6
1968 44
1969 45
197 35
1970 5
1971 10
1972 233
1973 1
1974 1
1975 24
1976 213
1977 2
1978 91
1979 108
198 1
1980 16
1981 2
1982 4
1983 1
1984 3
1985 1
1986 3
1987 2
1988 30
1989 35
199 43
1990 20
1991 5
1992 1
1993 7
1994 106
1995 39
1996 78
1997 22
1998 27
1999 2
2 1
20 2
200 2
2000 1
2001 11
2002 1
2003 2
2004 7
2005 2
2006 18
2007 310
2008 18
2009 1
201 11
2010 23
2011 12
2012 28
2013 22
2014 23
2015 5
2016 20
2017 1
2018 3
2019 6
202 231
2020 1
2021 1
2022 33
2023 1
2024 407
2025 1
2026 14
2027 2
2028 3
2029 177
203 68
2030 377
2031 7
2032 2
2033 7
2034 66
2035 8
2036 6
2037 23
2038 138
2039 4
204 208
2040 26
2041 1
2042 48
2043 57
2044 69
2045 4
2046 33
2047 18
2048 5
2049 1
205 4
2050 1
2051 13
2052 2
2053 93
2054 2
2055 88
2056 32
2057 1
2058 181
2059 89
206 2
2060 32
2061 17
2062 13
2063 159
2064 63
2065 12
2066 84
2067 1
2068 83
2069 39
207 4
2070 14
2071 26
2072 96
2073 20
2074 1
2075 49
2076 83
2077 71
2078 7
2079 55
208 42
2080 3
2081 2
2082 13
2083 3
2084 7
2085 228
2086 3
2087 1
2088 2
2089 2
209 7
2090 1
2091 137
2092 37
2093 116
2094 2
2095 2
2096 4
2097 2
2098 5
2099 5
21 4
210 2
2100 1
2101 337
2102 6
2103 30
2104 13
2105 1
2106 61
2107 196
2108 102
2109 7
211 9
2110 38
2111 2
2112 5
2113 116
2114 7
2115 1
2116 128
2117 2
2118 12
2119 2
212 157
2120 2
2121 1
2122 2
2123 7
2124 1
2125 4
2126 2
2127 23
2128 11
2129 1
213 9
2130 15
2131 5
2132 4
2133 53
2134 1
2135 150
2136 1
2137 1
2138 5
2139 66
214 173
2140 3
2141 2
2142 1
2143 29
2144 22
2145 32
2146 1
2147 1
2148 68
2149 1
215 5
2150 3
2151 1
2152 1
2153 74
2154 12
2155 219
2156 61
2157 74
2158 1
2159 12
216 5
2160 4
2161 9
2162 12
2163 9
2164 1
2165 1
2166 1
2167 5
2168 1
2169 21
217 1
2170 1
2171 15
2172 8
2173 68
2174 10
2175 2
2176 2
2177 4
2178 1
2179 12
218 38
2180 2
2181 52
2182 38
2183 1
2184 2
2185 11
2186 408
2187 6
2188 2
2189 2
219 2
2190 11
2191 5
2192 50
2193 1
2194 12
2195 1
2196 20
2197 3
2198 22
2199 4
22 2
220 80
2200 56
2201 4
2202 4
2203 2
2204 25
2205 2
2206 4
2207 4
2208 22
2209 1
221 2
2210 3
2211 70
2212 1
2213 1
2214 8
2215 20
2216 2
2217 4
2218 16
2219 7
222 10
2220 24
2221 1
2222 22
2223 33
2224 4
2225 11
2226 105
2227 1
2228 1
2229 75
223 153
2230 10
2231 1
2232 22
2233 4
2234 223
2235 5
2236 2
2237 34
2238 1
2239 157
224 1
2240 284
2241 9
2242 11
2243 7
2244 3
2245 16
2246 1
2247 1
2248 1
2249 94
225 207
2250 2
2251 1
2252 6
2253 5
2254 3
2255 3
2256 231
2257 2
2258 2
2259 1
226 6
2260 2
2261 20
2262 20
2263 1
2264 5
2265 16
2266 1
2267 47
2268 50
2269 11
227 12
2270 3
2271 165
2272 7
2273 84
2274 2
2275 7
2276 2
2277 95
2278 64
2279 38
228 183
2280 1
2281 42
2282 75
2283 2
2284 41
2285 6
2286 2
2287 4
2288 157
2289 1
229 493
2290 117
2291 11
2292 26
2293 4
2294 1
2295 51
2296 43
2297 3
2298 3
2299 76
23 3
230 85
2300 26
2301 1
2302 18
2303 26
2304 53
2305 57
2306 17
2307 48
2308 2
2309 26
231 9
2310 39
2311 5
2312 17
2313 2
2314 4
2315 83
2316 78
2317 54
2318 2
2319 23
232 49
2320 3
2321 2
2322 2
2323 41
2324 8
2325 1
2326 4
2327 3
2328 1
2329 7
233 38
2330 11
2331 16
2332 2
2333 15
2334 1
2335 165
2336 3
2337 2
2338 1
2339 3
234 28
2340 23
2341 7
2342 4
2343 6
2344 10
2345 3
2346 1
2347 93
2348 5
2349 233
235 9
2350 1
2351 3
2352 127
2353 4
2354 14
2355 71
2356 2
2357 4
2358 12
2359 19
236 2
2360 57
2361 104
2362 14
2363 2
2364 67
2365 13
2366 2
2367 29
2368 6
2369 16
237 7
2370 35
2371 3
2372 8
2373 122
2374 7
2375 69
2376 2
2377 98
2378 2
2379 422
238 70
2380 6
2381 35
2382 6
2383 60
2384 1
2385 44
2386 1
2387 17
2388 179
2389 41
239 99
2390 1
2391 21
2392 9
2393 58
2394 20
2395 49
2396 38
2397 2
2398 29
2399 17
24 1
240 8
2400 8
2401 12
2402 3
2403 5
2404 5
2405 36
2406 4
2407 2
2408 7
2409 16
241 1
2410 5
2411 74
2412 169
2413 2
2414 1
2415 62
2416 23
2417 1
2418 1
2419 1
242 1
2420 5
2421 3
2422 1
2423 3
2424 7
2425 5
2426 1
2427 3
2428 153
2429 1
243 14
2430 2
2431 134
2432 267
2433 3
2434 3
2435 2
2436 1
2437 1
2438 3
2439 2
244 378
2440 1
2441 6
2442 1
2443 4
2444 4
2445 2
2446 4
2447 3
2448 33
2449 1
245 1
2450 3
2451 1
2452 1
2453 1
2454 2
2455 3
2456 2
2457 58
2458 1
2459 6
246 42
2460 30
2461 3
2462 1
2463 70
2464 7
2465 3
2466 3
2467 40
2468 114
2469 70
247 12
2470 3
2471 11
2472 3
2473 1
2474 1
2475 1
2476 8
2477 1
2478 14
2479 10
248 123
2480 13
2481 17
2482 17
2483 167
2484 165
2485 3
2486 5367
2487 22
2488 6
2489 27
249 1
2490 2
2491 1
2492 1
2493 2
2494 1
2495 2
2496 61
2497 147
2498 76
2499 8
25 3
250 1
2500 9
2501 15
2502 1
2503 4
2504 2
2505 1
2506 1
2507 21
2508 25
2509 3
251 58
2510 1
2511 4
2512 12
2513 1
2514 1
2515 1
2516 2
2517 7
2518 13
2519 2
252 4
2520 2
2521 1
2522 1
2523 1
2524 1
2525 1
2526 1
2527 1
2528 1
2529 1
253 5
2530 1
2531 1
2532 1
2533 1
2534 1
2535 1
2536 1
2537 1
2538 1
2539 1
254 109
2540 2
2541 3
2542 1
2543 1
2544 1
2545 1
2546 1
2547 1
2548 1
2549 2
255 91
2550 1
2551 1
2552 1
2553 1
2554 1
2555 1
2556 1
2557 1
2558 1
2559 2
256 56
2560 1
2561 1
2562 2
2563 1
2564 1
2565 2
2566 1
2567 2
2568 2
2569 1
257 1
2570 1
2571 2
2572 2
2573 1
2574 1
2575 1
2576 4
2577 1
2578 2
2579 2
258 297
2580 1
2581 1
2582 1
2583 1
2584 1
2585 1
2586 1
2587 3
2588 1
2589 1
259 17
2590 1
2591 3
2592 1
2593 1
2594 1
2595 1
2596 1
2597 1
2598 3
2599 1
26 1
260 2
2600 7
2601 2
2602 2
2603 1
2604 2
2605 1
2606 1
2607 1
2608 3
2609 1
261 87
2610 1
2611 1
2612 1
2613 2
2614 3
2615 1
2616 4
2617 1
2618 1
2619 1
262 2
2620 2
2621 2
2622 1
2623 1
2624 1
2625 1
2626 1
2627 1
2628 2
2629 2
263 157
2630 1
2631 1
2632 1
2633 24
2634 1
2635 1
2636 1
2637 3
2638 1
2639 1
264 94
2640 2
2641 1
2642 1
2643 3
2644 1
2645 1
2646 2
2647 1
2648 1
2649 1
265 103
2650 1
2651 2
2652 1
2653 1
2654 1
2655 1
2656 1
2657 1
2658 1
266 73
267 7
268 22
269 4
27 1
270 222
271 45
272 192
273 134
274 5
275 11
276 1
277 46
278 216
279 1
28 1
280 300
281 386
282 254
283 16
284 87
285 12
286 90
287 1
288 1
289 1
29 6
290 3
291 75
292 2
293 5
294 11
295 28
296 17
297 11
298 2
299 1
3 1
30 1
300 9
301 24
302 255
303 13
304 1
305 3
306 22
307 29
308 1
309 42
31 7
310 208
311 3
312 9
313 11
314 12
315 1
316 149
317 21
318 15
319 185
32 1
320 4
321 2
322 1
323 13
324 3
325 1
326 18
327 6
328 4
329 13
33 1
330 5
331 1100
332 6
333 135
334 283
335 4
336 408
337 191
338 2
339 804
34 1
340 126
341 10
342 88
343 54
344 6
345 9
346 2
347 9
348 14
349 205
35 4
350 18
351 1
352 13
353 338
354 941
355 2
356 17
357 13
358 7
359 4
36 1
360 19
361 1
362 10
363 275
364 5
365 213
366 344
367 23
368 241
369 14
37 1
370 196
371 372
372 1
373 1
374 2
375 1
376 27
377 216
378 3
379 1
38 1
380 64
381 1
382 47
383 1
384 10
385 22
386 8
387 97
388 1
389 2
39 1
390 41
391 1
392 2
393 20
394 8
395 136
396 68
397 14
398 3
399 95
4 1
40 1
400 2
401 7
402 242
403 2
404 20
405 763
406 7
407 49
408 126
409 37
41 3
410 523
411 2
412 3
413 5
414 1
415 1
416 3
417 29
418 7
419 9
42 1
420 2
421 46
422 62
423 105
424 189
425 42
426 5
427 57
428 211
429 2
43 1
430 201
431 11
432 3
433 1234
434 157
435 14
436 8
437 26
438 55
439 12
44 2
440 19
441 58
442 3
443 3
444 16
445 1
446 87
447 22
448 2
449 97
45 1
450 1
451 9
452 5
453 40
454 1
455 276
456 33
457 15
458 11
459 317
46 1
460 804
461 40
462 1
463 1
464 2
465 137
466 314
467 2
468 1
469 15
47 1
470 2
471 9
472 70
473 60
474 158
475 8
476 47
477 26
478 1
479 8
48 3
480 1
481 42
482 2
483 12
484 5
485 3
486 2
487 253
488 67
489 13
49 10
490 52
491 2
492 1
493 27
494 21
495 4
496 30
497 1
498 3
499 3
5 1
50 7
500 20
501 2
502 37
503 26
504 118
505 1
506 2
507 3
508 3
509 1
51 7
510 9
511 3
512 286
513 2
514 1
515 91
516 4
517 21
518 9
519 1
52 20
520 3
521 26
522 1
523 2
524 39
525 12
526 183
527 3
528 4
529 5
53 498
530 5
531 2
532 14
533 2
534 1
535 66
536 3
537 5
538 1
539 1
54 959
540 2
541 1
542 3
543 2
544 2
545 46
546 1
547 12
548 1
549 10
55 1722
550 3
551 1
552 1
553 2
554 2
555 114
556 3
557 10
558 139
559 8
56 1
560 10
561 5
562 7
563 3
564 272
565 320
566 2
567 8
568 2
569 3
57 1
570 22
571 10
572 7
573 4
574 4
575 893
576 8
577 155
578 4
579 27
58 1
580 34
581 6
582 59
583 1
584 152
585 59
586 1
587 7
588 58
589 1
59 1
590 1
591 29
592 3
593 1
594 1
595 18
596 1
597 46
598 1
599 1
6 1
60 728
600 203
601 1
602 1
603 6
604 2
605 75
606 3
607 1
608 15
609 8
61 729
610 2
611 16
612 1
613 83
614 1
615 5
616 16
617 13
618 9
619 32
62 3
620 3
621 3
622 60
623 1
624 38
625 1
626 3
627 24
628 18
629 194
63 3
630 13
631 4
632 1
633 2
634 26
635 5
636 1
637 3
638 1
639 232
64 55
640 5
641 1
642 12
643 10
644 1
645 1
646 364
647 115
648 2
649 1
65 55
650 8
651 134
652 3
653 1
654 1
655 260
656 1
657 1
658 5
659 10
66 2
660 32
661 98
662 1
663 34
664 1
665 52
666 1
667 1
668 25
669 43
67 1
670 8
671 6
672 82
673 2
674 3
675 1
676 40
677 12
678 2
679 3
68 1
680 1
681 6
682 69
683 11
684 41
685 3
686 1
687 12
688 22
689 34
69 1
690 1
691 8
692 3
693 11
694 6
695 1
696 1
697 6
698 7
699 8
7 1
70 1
700 2
701 19
702 2
703 5
704 1
705 6
706 257
707 1
708 3
709 100
71 1
710 268
711 8
712 55
713 17
714 146
715 7
716 1
717 3
718 46
719 54
72 2
720 233
721 5
722 1
723 18
724 8
725 17
726 4
727 22
728 2
729 2
73 1
730 16
731 152
732 1
733 1
734 5
735 14
736 88
737 10
738 3
739 2
74 1
740 1
741 13
742 7
743 954
744 24
745 65
746 1
747 291
748 2
749 34
75 1
750 1
751 4
752 47
753 42
754 12
755 6
756 8
757 44
758 2
759 5
76 1
760 35
761 5
762 9
763 21
764 6
765 2
766 1
767 21
768 8
769 46
77 2
770 1
771 222
772 1
773 55
774 1
775 2
776 1
777 2
778 1
779 43
78 1
780 85
781 1
782 5
783 10
784 6
785 72
786 234
787 3
788 27
789 420
79 1
790 176
791 33
792 115
793 2
794 2
795 18
796 26
797 15
798 16
799 16
8 3
80 1
800 388
801 195
802 196
803 166
804 77
805 5
806 2
807 4
808 16
809 11
81 7
810 25
811 88
812 14
813 2
814 16
815 24
816 48
817 2
818 2
819 10
82 350
820 6
821 11
822 32
823 215
824 7
825 96
826 1
827 10
828 72
829 7
83 6
830 4
831 4
832 1
833 39
834 33
835 2
836 2
837 91
838 23
839 1
84 107
840 2
841 1
842 4
843 2
844 1
845 51
846 1
847 1
848 1
849 13
85 58
850 1
851 10
852 45
853 1
854 26
855 2
856 10
857 5
858 2
859 3
86 3
860 2
861 2
862 2
863 48
864 21
865 1
866 15
867 1
868 1
869 111
87 49
870 142
871 6
872 2
873 1
874 2
875 2
876 6
877 13
878 1
879 1
88 5
880 4
881 1
882 20
883 3
884 2
885 6
886 5
887 12
888 4
889 1
89 1
890 12
891 1
892 60
893 43
894 11
895 28
896 28
897 8
898 2
899 137
9 10
90 20
900 487
901 7
902 92
903 493
904 8
905 6
906 2
907 227
908 1
909 2
91 6
910 2
911 104
912 4
913 1
914 132
915 185
916 6
917 1
918 8
919 13
92 3
920 1
921 4
922 4
923 223
924 49
925 3
926 165
927 3
928 11
929 28
93 8
930 3
931 10
932 1
933 6
934 1
935 39
936 25
937 24
938 186
939 11
94 2
940 27
941 191
942 1
943 5
944 1
945 2
946 34
947 8
948 360
949 337
95 78
950 3
951 108
952 15
953 2
954 287
955 22
956 20
957 5
958 1
959 1
96 33
960 49
961 136
962 6
963 65
964 1
965 2
966 130
967 1
968 3
969 7
97 29
970 48
971 49
972 4
973 66
974 5
975 2
976 32
977 7
978 15
979 325
98 40
980 10
981 128
982 1
983 10
984 2
985 13
986 812
987 22
988 25
989 66
99 3
990 521
991 26
992 1
993 53
994 19
995 11
996 7
997 227
998 57
999 1
