0 22
1001 3
1002 2
1005 6
1008 1
1017 1
1018 1
102 1
1021 1
1022 2
1023 2
1031 3
1033 2
1034 1
1035 2
1037 8
1038 1
1042 3
1043 19
1046 4
1047 1
1048 4
1055 1
1056 2
1057 1
106 2
1063 1
1064 2
1067 2
1070 1
1071 7
1073 1
1074 4
1077 5
1079 3
1083 2
1089 1
1096 2
1108 1
111 1
1119 4
1120 1
1122 1
1127 3
1128 1
113 1
1132 1
1135 3
1142 3
1145 4
1152 2
1155 2
1156 1
116 1
1163 1
1170 1
1174 4
1176 1
1178 2
118 1
1185 2
1188 1
1189 5
1195 2
1198 1
1199 1
12 2
1200 1
1204 3
1207 5
1208 1
1211 2
1214 1
1215 2
1217 2
1219 1
1223 1
1224 1
1226 1
1227 3
1228 1
123 1
1230 2
1232 1
1236 2
1238 1
1239 7
1244 1
1248 1
1255 2
1256 1
1259 1
126 2
1262 2
1269 1
1275 1
1276 2
1282 1
1287 2
1289 2
1295 1
1296 1
1299 1
1300 3
1302 2
1303 2
131 2
1312 2
132 3
1321 19
1325 1
1326 1
1328 2
1330 5
1333 2
1335 6
1340 2
1341 4
1348 1
1350 4
1353 1
1369 1
1370 9
1372 3
1378 1
138 5
1380 3
1387 2
1389 3
139 1
1391 2
1392 1
1395 1
1399 12
140 10
1400 1
1403 2
1406 1
1407 2
1409 1
141 5
1411 1
1413 2
1415 2
1417 4
1421 1
1426 2
1432 3
1434 4
1436 1
1439 2
144 4
1442 2
145 4
1457 3
1459 13
146 1
147 10
1471 2
1472 1
1475 2
1478 1
1483 3
1485 5
1491 2
1497 1
1498 1
15 1
1504 3
1506 2
1510 1
1511 1
1513 1
1522 1
1525 1
153 1
1540 1
1544 2
1545 8
1548 1
1550 3
1563 1
1565 2
1567 2
1570 18
1571 4
1572 1
1576 2
1587 1
1590 1
1592 1
1601 5
1604 2
1606 1
1608 1
161 1
1611 4
1613 1
1620 4
1633 3
1634 6
1635 1
1637 1
164 8
1650 2
1653 1
1654 1
1656 4
1658 1
1660 2
1672 1
1679 6
1680 4
1681 1
1682 6
1687 1
1689 1
169 1
1690 1
1691 8
17 1
1716 12
1717 1
1718 1
1725 1
173 3
1730 1
1741 2
1743 1
1744 1
1747 19
1749 4
175 1
1750 1
1757 3
1759 4
176 1
1760 1
1761 1
177 1
1778 2
1779 2
178 1
1782 1
1784 1
1786 1
1788 1
179 2
1791 1
1794 1
1811 1
1813 2
1817 1
1825 4
183 1
1831 1
1832 1
1833 1
184 1
1840 1
1847 10
1849 4
1859 1
186 6
1861 1
1864 1
1868 1
1876 1
1883 1
189 1
1901 4
1905 2
1908 1
1909 2
1911 10
1917 1
1922 11
1930 2
1933 1
1937 1
194 1
1942 4
1944 1
1946 11
1947 1
1948 1
1953 4
1956 2
1957 3
1959 1
1966 4
1969 1
1971 1
1972 1
1975 1
1976 2
1978 4
1979 3
1990 2
1994 1
1996 1
1998 1
2001 2
2007 8
201 1
2010 2
202 2
2024 2
2026 1
2029 2
203 1
2030 1
2033 1
2035 1
2037 1
2038 2
204 2
2040 2
2042 1
2043 2
2044 4
2046 2
205 1
2058 2
2059 2
2060 1
2061 1
2063 3
2064 1
2066 2
2068 3
2075 1
2076 3
2079 1
2085 4
2091 1
2092 2
2095 1
2101 11
2103 2
2106 4
2107 1
2108 2
211 1
2116 2
212 3
213 2
2133 1
2135 5
2139 1
214 8
2144 1
2145 3
2148 2
215 1
2153 9
2155 4
2157 2
2158 1
218 2
2182 1
2186 12
2187 1
2198 1
2199 1
2204 2
2208 1
2211 2
2215 1
2217 1
2218 1
2220 1
2222 1
2223 2
2224 1
2226 2
2229 2
223 6
2230 1
2232 2
2234 3
2237 1
2239 4
2240 4
2245 1
2249 6
225 8
2256 3
2267 1
227 2
2271 1
2273 3
2278 3
228 1
2281 1
2288 6
2290 3
2292 1
2293 1
2295 2
2299 2
23 1
230 1
2303 1
2304 1
2305 2
2307 1
2310 1
2315 1
2316 6
2317 1
232 2
2329 1
2332 1
2335 2
2342 1
2347 3
2349 7
2352 2
2355 3
2361 2
2364 6
2377 2
2379 12
2383 1
2387 4
2388 3
239 1
2394 1
2408 1
2410 1
2411 3
2412 4
2415 1
2423 1
2428 2
2431 1
2432 9
244 12
2441 2
2443 2
2455 1
2457 4
246 2
2460 1
2463 5
2467 1
2468 1
2469 3
2481 1
2486 1
2496 5
2498 3
2508 2
252 1
254 2
256 1
258 1
2604 1
261 4
2628 1
2629 5
263 2
264 1
265 1
266 2
268 1
270 1
272 2
273 1
280 6
281 4
282 1
284 3
291 2
294 1
299 1
301 1
303 1
310 1
316 6
317 1
319 1
328 1
331 14
334 5
336 6
337 3
339 8
340 2
341 1
343 1
349 2
350 1
353 1
354 21
360 2
363 5
367 1
368 3
370 2
371 4
376 3
377 2
382 1
383 1
395 1
396 10
399 1
405 10
407 1
408 3
417 2
418 1
421 4
422 1
424 1
427 1
433 26
434 1
438 1
439 1
441 3
443 1
446 2
447 3
449 4
455 1
456 1
459 3
460 2
465 1
466 4
474 1
476 1
477 1
481 1
487 3
494 1
496 1
502 1
504 1
510 2
512 3
514 1
515 1
517 1
525 1
526 7
529 1
53 5
532 1
539 1
54 2
543 1
545 2
555 3
558 7
561 2
564 3
565 4
571 1
573 3
575 38
577 2
584 1
585 3
591 1
60 14
600 1
61 14
613 1
616 1
619 1
627 1
628 1
639 4
646 8
647 1
652 1
655 2
660 2
661 1
665 1
668 1
672 1
675 1
676 1
687 2
696 1
706 13
710 3
713 1
714 2
720 8
726 1
731 6
736 4
743 30
744 1
747 4
749 1
752 2
755 1
757 2
769 2
771 1
777 1
780 2
783 1
786 9
788 4
789 5
790 7
792 2
795 1
797 1
799 1
800 7
801 2
802 11
803 2
809 1
816 1
819 1
82 2
822 2
823 3
825 1
826 1
828 6
829 1
835 1
837 1
838 3
845 4
847 1
85 3
852 2
854 2
857 1
864 2
865 1
869 9
873 1
877 1
882 2
885 1
897 1
899 2
900 9
902 4
903 10
907 7
911 4
915 3
916 1
918 1
919 1
923 2
926 1
938 9
941 1
946 1
948 2
949 1
95 2
951 4
954 1
960 1
961 8
963 1
966 3
967 1
97 1
970 1
976 4
977 1
979 6
980 2
986 1
989 1
990 14
991 3
995 1
997 2
